0.0	0.0
1400.35138723	-231.613630617
1670.99352401	-285.028262882
3551.15818465	-1073.62679811
4063.3594718	-1158.09219092
6199.38315708	-1506.80955371
6969.39903449	-1632.06042865
8907.65430223	-1944.43303598
9946.11506605	-2110.95952842
11874.2765014	-2417.28344199
13228.2509307	-2630.96999245
14977.9933488	-2904.75054671
16672.8322043	-3167.71981719
18471.8268681	-3444.34789371
20544.6583849	-3759.76183785
22295.4542081	-4023.80335713
24722.3348042	-4385.25368468
26267.4215454	-4613.52750194
28995.8754675	-5010.87910219
30577.9192877	-5239.34127634
33554.9672141	-5662.40389644
34862.6277669	-5846.91115101
38035.9550373	-6286.8741365
39339.8053913	-6466.33103897
42742.0174833	-6925.65019622
43909.9542059	-7082.27419814
47564.3646778	-7562.018293
48157.3134441	-7639.58768963
51909.8885676	-8119.61257212
52807.7908009	-8233.84788621
56706.8579992	-8718.15292446
57298.3316804	-8791.34971356
61380.7023351	-9283.67285305
61981.3046281	-9355.82504869
66278.5983007	-9857.79637726
66589.1244893	-9893.99472056
71506.1641395	-10448.4885809
71934.8602514	-10496.6905086
77870.416534	-11136.8400203
78436.13153	-11197.6049579
83999.4249979	-11771.2468269
84338.1246704	-11806.0821178
89776.8816129	-12342.591812
90279.4708872	-12391.9747861
95731.7993906	-12904.7236801
96020.2721507	-12931.7879585
101583.155756	-13429.7705395
102064.0257	-13472.6386753
107751.137561	-13954.6249058
108254.481573	-13997.087764
113912.445172	-14449.6547246
113988.731882	-14455.7522169
119721.958297	-14888.5910372
120300.410866	-14932.0035423
126129.748707	-15343.2225044
126557.585017	-15373.2618575
132437.422552	-15759.372199
133155.066946	-15806.0995054
139037.431004	-16162.3630611
139635.480106	-16198.3072278
145480.67909	-16523.2051635
146395.897645	-16573.428893
152220.186249	-16866.8200774
153262.018313	-16918.4619708
159047.127779	-17179.3481808
160009.857468	-17222.047089
165711.636252	-17449.7997825
167047.335422	-17501.7739516
172667.24914	-17696.0380631
173946.344607	-17738.9879036
179488.344744	-17901.3354681
181192.265673	-17949.0057558
186840.260245	-18082.3584479
188899.598089	-18127.7022913
194880.102404	-18231.73563
197089.30386	-18266.3926661
202628.842821	-18329.5724077
205870.59896	-18358.421409
210918.988857	-18383.6458018
214370.811585	-18391.681937
218990.519299	-18385.938768
223267.863193	-18366.4777207
227512.464226	-18333.2378523
232251.677705	-18278.7617726
235881.739497	-18226.8483424
241462.826162	-18137.0606797
244511.820463	-18078.1659278
250721.089344	-17956.4105725
253179.274985	-17910.2429823
259745.434895	-17790.8437204
261606.113762	-17758.156624
269094.835114	-17620.5997911
270325.818331	-17596.1264414
278121.633312	-17425.0695071
278754.017516	-17409.4901955
287505.497772	-17127.6881294
287510.088763	-17127.5257193
296294.848584	-16788.730511
296948.968146	-16762.0196335
304263.804521	-16448.0190172
305518.247199	-16392.9809807
313190.753881	-16042.9368043
315163.75019	-15946.3510429
321920.687735	-15594.6638153
324628.613724	-15446.0770757
331037.13965	-15081.7397072
334549.725923	-14873.1965294
339913.527871	-14539.8961842
344204.785202	-14265.9475558
349143.185266	-13939.8013141
354287.041728	-13578.6171457
358427.405944	-13273.455108
364423.835121	-12812.6220332
367442.860452	-12568.933416
374277.04934	-11988.1910959
376786.762695	-11761.7699601
384512.304921	-11058.3291848
385879.091669	-10936.6654388
394631.676371	-10153.2281556
395418.193066	-10081.6055366
405056.623566	-9141.91936539
405239.709656	-9123.0070764
413754.566222	-8204.36435404
415837.578375	-7966.75859176
423442.188954	-7045.12637706
425505.688508	-6792.22358842
432866.55149	-5897.87606444
436281.62957	-5467.35346131
442588.062784	-4619.84966484
446655.339696	-4045.26156952
452005.400103	-3259.63334511
457439.873357	-2427.58391934
461758.356413	-1778.025596
467888.940796	-864.489775792
471532.617394	-267.579301094
478760.190448	990.655061432
481035.459829	1390.03483079
489701.561869	2949.33541956
490901.844679	3175.50446792
500424.267412	5042.40397824
500531.434917	5063.61263081
510553.121944	7051.76179602
511607.306996	7262.93498339
520576.986477	9118.58802597
522442.691585	9518.31086937
529658.282623	11105.0144073
533695.937231	12019.1356797
539730.021716	13427.6768993
544965.758428	14713.9553167
549469.752621	15859.3918245
555165.499871	17348.7506125
559591.440339	18542.831721
566558.198944	20390.5471232
569417.882414	21149.6989069
577623.656679	23315.6515905
579586.798154	23820.487749
589159.195583	26300.04267
589810.493329	26471.5779198
599785.947416	29159.1515901
600452.173236	29344.2060574
610083.162744	32078.3238991
612096.606963	32670.2674826
619890.0585	35070.4601018
623549.187047	36196.5067877
630036.657514	38186.8739378
634806.865802	39614.7270699
640406.626894	41244.1872383
646378.117016	43283.4395435
649504.324117	44527.1651397
657028.326389	47440.6307139
659328.577211	48309.3979901
668296.00711	51657.0442238
668699.699941	51805.5091713
678088.949033	55309.0410981
679218.374909	55756.7636133
688009.270667	59429.5247337
690311.348422	60324.2590417
697432.44167	62856.5706011
701467.602708	64199.1198994
707461.090724	66198.7762364
712848.677589	68000.8012166
717151.438664	69442.8806472
724534.716114	71926.036497
727145.714722	72805.2587059
735985.482414	75794.5345289
736861.6697	76090.9523879
746842.228136	79483.7351193
747738.004135	79788.3767322
756925.0229	82926.8165676
759687.419147	83871.7783294
766028.194394	86047.6383961
771238.287194	87840.1368295
776055.673648	89501.5229455
783063.785709	91926.9749139
785705.786172	92842.5728279
794493.854174	95901.7987581
795651.193557	96304.9204029
805249.257765	99664.7013465
806284.735029	100027.362406
815169.889344	103153.739117
818095.993262	104184.91684
825089.487466	106658.602904
828789.842195	107970.04299
834698.949346	110070.920451
840675.643945	112202.686348
844635.33701	113618.06398
852237.364509	116346.696138
854250.542098	117070.094687
864148.120328	120646.17776
864156.818372	120649.320456
874029.277857	124236.169064
875679.07913	124836.130701
882943.339279	127488.757099
887578.601269	129185.870417
892783.474739	131097.257471
899443.944811	133552.662089
902272.686107	134597.210063
910902.968068	137800.294016
912042.220879	138223.406787
921454.527538	141738.800298
922695.82081	142202.755202
931138.685063	145374.594755
934048.808142	146469.81767
940803.446918	149022.484866
945778.242207	150908.319794
950136.346177	152564.868369
957497.424942	155375.84018
959744.174601	156235.023479
968028.866338	159419.963579
968995.514506	159791.808694
978519.1942	163477.96906
979658.474777	163919.256711
988009.574624	167171.739034
990871.426482	168288.446066
996555.849958	170514.937214
1002420.54318	172821.095993
1005976.12863	174222.611338
1013548.92374	177223.0599
1015047.5604	177817.451067
1024375.64732	181541.164664
1025003.76423	181792.014644
1033400.88497	185145.625371
1036452.15926	186374.895574
1042688.16007	188896.921102
1047497.49265	190836.475913
1051920.21702	192624.485268
1058866.37834	195441.866802
1060819.64531	196236.03884
1069859.16106	199925.003427
1069995.60367	199980.951689
1078888.56564	203667.268293
1081237.44199	204649.162085
1088007.53908	207502.811128
1092541.09449	209422.481983
1097096.31525	211363.983589
1102693.48698	213778.618884
1105511.34258	215005.099316
1113839.785	218626.165277
1114463.98144	218898.308044
1123162.70485	222732.946839
1124674.66063	223401.812045
1131947.24252	226633.669406
1135666.25318	228274.917743
1140516.7043	230397.032981
1145059.24158	232745.509173
1146628.37945	233793.72697
1152972.81048	237025.14184
1153626.69109	237302.121835
1162361.53533	241018.877672
1164378.64612	241881.417429
1171375.76215	244895.279897
1175432.2339	246643.37737
1180129.25332	248663.916191
1186909.23977	251582.78255
1189168.93009	252554.664356
1198019.38179	256324.009453
1198213.1306	256405.817039
1206408.62296	259893.811885
1209538.33803	261239.768254
1215415.69066	263796.032262
1220867.70785	266250.106933
1223884.51071	267659.15
1231068.09054	271083.786579
1232399.15721	271728.270778
1240563.30815	275705.367309
1241786.07768	276351.485429
1248554.25932	280226.814353
1251585.18805	281857.862291
1256386.78785	284268.453303
1261965.36028	286875.899016
1264696.08956	288068.893115
1273053.61898	291629.371043
1273607.27589	291858.687772
1282161.64262	295427.097959
1284394.00524	296379.989271
1291002.17968	299257.56888
1295079.54354	301375.709477
1298033.87877	303251.595451
1303776.23139	306237.855786
1304817.7334	306692.099255
1313238.06363	310406.983738
1314523.89798	311033.657005
1320269.88573	314153.947051
1323574.09234	315815.680304
1327769.57252	317767.199068
1333412.25344	320366.192867
1335145.88582	321157.718556
1342798.12393	324679.843212
1343323.23757	324918.525524
1350425.61229	328114.693858
1352258.74572	328942.755183
1357759.1289	331433.382229
1362116.81788	333400.288363
1365339.43306	334849.325036
1371630.54879	337650.707962
1372598.13914	338077.610221
1380047.34952	341389.016583
1381358.46728	341966.310092
1387462.49976	344630.078458
1390747.82066	346060.878718
1394162.99363	347542.817704
1400450.02263	350264.351085
1401547.41466	350739.388113
1408676.82267	353853.888904
1410090.22442	354518.524675
1415784.24576	357389.542635
1419106.08767	359001.869344
1422668.0527	360669.046164
1428511.04164	363280.114362
1429827.67534	363837.952869
1437024.13707	366911.269583
1437617.0387	367193.607263
1442445.62552	369803.49321
1444875.5201	371151.52342
1447846.58114	372831.123569
1452501.79393	375062.958336
1453803.41403	375598.214518
1460510.39924	378363.481462
1460566.75884	378387.353328
1466901.30599	381168.598676
1469055.33776	382099.659828
1472715.36448	383644.972671
1476983.24822	385404.665456
1478769.05977	386131.221362
1484571.99486	388539.182002
1485013.64038	388727.757022
1490458.33661	391104.599842
1492627.93944	391992.825662
1496020.36359	393289.924143
1500273.2397	394930.680362
1501646.73405	395466.71746
1507231.65403	397686.249489
1507806.10798	397916.155878
1512477.90427	399778.819147
1514890.73223	400691.360116
1517914.50477	401783.093371
1522359.5767	403279.358179
1522962.16331	403480.229068
1526437.72536	404574.618342
1526795.67672	404686.656988
1532617.23241	406335.903102
1534417.56413	406866.378158
1537710.05921	407851.188062
1541989.77579	409184.741582
1543141.1332	409576.757465
1548314.04344	411337.244879
1548615.92055	411433.095985
1553437.43358	412905.905713
1555615.52721	413549.813761
1558240.94395	414334.323028
1562187.75207	415552.215941
1563160.61982	415850.991249
1568091.34705	417395.768196
1569021.19998	417687.449756
1572953.34216	418920.906309
1575760.17311	419745.856683
1577938.35209	420341.700773
1582690.53774	421652.424443
1582771.91345	421675.087624
1587801.99689	423098.713926
1589649.55381	423615.715317
1592656.91928	424446.727328
1596167.90216	425436.525809
1597039.64765	425686.39334
1601926.48533	427104.065604
1602988.65915	427400.560298
1606617.61731	428368.489531
1609450.87307	429361.612617
1611239.67371	430153.94232
1615623.55682	432121.087383
1615752.12758	432177.816564
1618955.01037	433564.729616
1620429.50098	434197.635409
1622293.52496	434988.819672
1624833.31963	436050.247111
1625531.54756	436340.79501
1628886.12977	437707.713292
1629568.98778	437984.760328
1632140.68539	439011.067368
1634176.72389	439812.889808
1635507.77486	440332.494291
1638877.28843	441618.442273
1638952.85989	441647.268715
1641925.92525	442758.393334
1643588.58289	443372.596323
1645304.10082	443998.672845
1648394.44864	445101.619974
1648575.53052	445166.162761
1651963.15055	446343.663836
1653219.18378	446776.126886
1655247.90569	447463.872255
1657914.51877	448349.248326
1658648.50457	448591.536723
1662059.40681	449686.948892
1662800.54546	449923.523294
1665367.11588	450725.465418
1667550.89462	451395.248822
1668789.2963	451771.036721
1672104.88447	452748.135149
1672479.46818	452858.153894
1675539.32879	453732.113939
1677431.24159	454263.010122
1678978.22924	454690.775739
1681924.37436	455482.403937
1682199.63251	455556.164583
1685650.6069	456449.263628
1686920.24509	456773.551733
1688997.24146	457292.562753
1691784.21116	457968.267502
1692460.66607	458131.053441
1695818.6586	458908.99764
1696832.99111	459141.234457
1699292.2466	459688.093429
1701732.64437	460214.78419
1702768.29336	460435.420283
1706135.23835	461122.24148
1706811.09229	461258.879426
1709383.93746	461809.483936
1711553.04982	462250.466792
1712607.04322	462463.025204
1716015.43808	463250.93023
1716415.02733	463345.175771
1722014.88376	464559.871465
1727285.89116	465711.177963
1732394.3643	466875.97839
1737511.52986	468017.28768
1742293.592	469022.986044
1747728.88796	470141.060776
1753145.72984	471248.929686
1758856.49113	472390.159469
1759116.56937	472444.694434
1762977.02217	473311.53052
1764415.41565	473635.215465
1766447.38227	474093.895428
1770106.50921	474924.581046
1770255.24918	474958.355451
1773916.11503	475794.453891
1775745.78266	476213.55296
1777677.56431	476657.42435
1781146.32555	477458.998292
1781283.9304	477490.803735
1784982.42949	478350.961902
1786669.10216	478744.351136
1788665.2468	479211.50997
1791983.92685	479992.667841
1792200.88054	480043.754195
1795829.4692	480903.689734
1797428.81486	481283.804652
1799320.9523	481735.049459
1802812.76305	482573.160017
1802892.13839	482592.214625
1806431.36435	483447.497959
1807615.15284	483734.213845
1809609.50009	484219.099653
1812870.10769	485016.90981
1813092.50542	485071.350169
1816432.81245	485894.477606
1817891.24294	486254.926243
1819861.0644	486743.723237
1823011.18804	487530.528506
1823143.04886	487563.472401
1826502.17351	488408.707338
1827899.02436	488761.243037
1829837.86575	489252.629335
1832882.14767	490029.38962
1833030.71886	490067.310657
1836303.11168	490908.748285
1837810.15157	491297.596279
1839449.64452	491722.228366
1842520.97941	492523.491882
1842664.7742	492561.018512
1845847.91758	493398.13936
1847320.79501	493786.883087
1848811.28938	494181.72899
1851931.44652	495014.81556
1851946.37939	495018.802811
1854961.05787	495830.039828
1856653.90389	496287.601746
1858055.22997	496667.776899
1861015.18481	497477.24955
1861323.09321	497561.525331
1864060.36177	498316.42547
1865667.92918	498761.777902
1867089.54789	499157.211985
1869992.52643	499971.533281
1870295.08547	500056.480056
1872974.12252	500814.675927
1874733.43354	501315.241269
1875835.66932	501629.914256
1878754.0167	502470.707373
1879255.35566	502615.375278
1881523.7183	503311.229297
1883377.16447	503866.082664
1884034.81677	504058.373164
1886840.2702	504893.437684
1887704.89483	505149.907762
1889482.42369	505675.409365
1891904.36938	506380.288075
1892186.13099	506460.961565
1894796.59748	507222.956719
1895940.81827	507553.161707
1897440.01363	507980.675016
1900005.02649	508703.39098
1900044.53906	508714.380023
1902546.41308	509424.412727
1903912.9843	509801.931358
1905166.35761	510138.684507
1907689.1516	510816.502368
1907992.99616	510898.138549
1910299.83444	511517.933979
1912882.37648	512211.804795
1915191.27283	512832.153183
1917718.47136	513511.154442
1920136.91422	514160.935509
1922606.89225	514824.562911
1924969.96	515459.465933
1927382.71662	516107.719233
1929766.39316	516748.15937
1932045.94267	517360.622926
1934372.39642	517985.688589
1936596.56859	518583.273502
1938865.79861	519192.964441
1941105.94736	519794.841898
1943105.58287	520332.098869
1945290.38272	520919.105326
1947377.46937	521479.858451
1949505.04321	522051.489566
1951536.74941	522597.363211
1951679.23652	522635.646285
1953635.43854	523161.23366
1955013.61138	523531.517625
1955712.41803	523719.271216
1957690.51257	524250.740615
1957972.61216	524326.534416
1959711.53984	524793.745074
1961185.90538	525189.873849
1961642.1366	525312.45289
1963604.30251	525839.642628
1964233.46041	526008.683169
1965544.87697	526361.031228
1967313.15513	526836.127698
1967328.67461	526840.297433
1969207.22256	527345.020909
1970225.48912	527618.606173
1971004.7274	527827.969927
1972825.80729	528317.253033
1973166.8708	528408.889108
1974565.83424	528784.759039
1976034.81906	529179.442136
1976333.75771	529259.760213
1978068.4531	529725.833748
1978741.7583	529906.735673
1979726.58033	530171.335147
1981402.93032	530621.732592
1981464.88959	530638.37965
1982998.81901	531050.511898
1984028.53216	531327.172603
1984623.84444	531487.119589
1986211.90379	531913.795329
1986605.20014	532019.46519
1987627.14843	532294.039652
1989103.3899	532690.672448
1989159.10122	532705.640824
1990612.76744	533096.20816
1991294.79264	533279.452952
1992092.11835	533493.676393
1993487.68195	533868.632865
1993646.96244	533911.427942
1994902.58612	534248.785711
1995847.53773	534502.672902
1996290.52238	534621.692889
1997598.58867	534973.140805
1998045.94805	535093.336183
1998926.63572	535329.957104
2000095.69637	535644.057341
2000178.12042	535666.202823
2001439.1038	536005.000625
2002135.40822	536192.081923
2002677.01923	536337.600589
2003763.21253	536629.436234
2004099.34478	536719.747393
2004941.57862	536946.036633
2005921.25621	537209.253911
2006049.9421	537243.828909
2007161.85814	537542.575678
2007726.19708	537694.200826
2008216.39627	537825.906295
2009267.75044	538108.381455
2009397.50959	538143.244812
2010292.45668	538383.696915
2011045.99912	538586.156779
2011256.85221	538642.80825
2012217.70856	538900.968685
2012616.73073	539008.176946
2013126.06322	539145.023099
2014012.01565	539383.058542
2014026.65177	539386.990938
2014896.43171	539620.681196
2015425.30192	539762.776694
2015662.03778	539826.382283
2016472.54863	540044.148271
2016718.33254	540110.184866
2017234.37296	540248.833291
2017970.88345	540446.717053
2017983.85145	540450.201263
2018679.64417	540637.145078
2019104.70315	540751.34884
2019374.59365	540823.862333
2020030.317	541000.040411
2020196.06291	541044.5726
2020641.21971	541164.176195
2021199.89033	541314.278394
2021236.22999	541324.042041
2021780.7128	541470.332295
2022091.24988	541553.766607
2022319.35696	541615.053836
2022818.13234	541749.063534
2022929.74346	541779.050924
2023262.51111	541868.458089
2023658.57903	541974.872607
2023702.55082	541986.686836
2024095.5785	542092.284511
2024326.3748	542154.294274
2024477.00356	542194.764826
2024807.90694	542283.671103
2024907.03245	542310.303892
2025123.77177	542368.53686
2025351.4946	542429.72085
2025404.70638	542444.017654
2025640.39946	542507.343071
2025755.59261	542538.292873
2025859.03425	542566.085309
2026031.55211	542612.436969
2026058.28809	542619.620323
2026181.02067	542652.5958
2026277.9619	542678.641722
2026297.93839	542684.008955
2026372.18626	542703.957684
2026406.55054	542713.190591
2026429.56778	542719.374805
2026446.18233	542723.83876
2026448.38451	542724.430435
2026455.72263	542726.402023
2026464.29657	542728.705647
2026464.95648	542728.882951
2026474.50159	542731.447505
2026479.70689	542732.846052
2026484.04586	542734.011837
2026493.28129	542736.493188
2026495.62486	542737.122853
2026502.82688	542739.057872
2026511.03883	542741.264238
2026512.06987	542741.541254
2026521.65885	542744.117597
2026527.1045	542745.580723
2026531.26639	542746.698928
2026539.96621	542749.036372
2026543.31026	542749.934843
2026549.61485	542751.628744
2026558.02357	542753.887978
2026558.9623	542754.140194
2026568.63477	542756.73897
2026574.36254	542758.277891
2026578.00057	542759.255348
2026587.68724	542761.857938
2026590.21977	542762.538372
2026597.38452	542764.463379
2026606.65319	542766.953661
2026606.77284	542766.985807
2026616.4894	542769.596428
2026622.60638	542771.239924
2026625.8971	542772.124065
2026635.62718	542774.738319
2026639.13634	542775.681152
2026645.36547	542777.354778
2026654.16554	542779.719159
2026655.70919	542780.133903
2026663.91715	542782.339195
2026671.78081	542784.451983
2026673.35692	542784.875449
2026683.11726	542787.497834
2026688.41192	542788.920387
2026692.56593	542790.036476
2026702.33371	542792.660859
2026704.53063	542793.251122
2026712.11103	542795.287805
2026721.22804	542797.737339
2026721.57596	542797.830819
2026731.3648	542800.460859
2026737.9549	542802.231469
2026740.83939	542803.006468
2026750.63336	542805.637885
2026753.07856	542806.294855
2026760.43032	542808.270108
2026769.59617	542810.732764
2026769.83605	542810.797217
2026779.39806	542813.366313
2026786.06612	542815.15787
2026788.88505	542815.915252
2026798.69113	542818.549925
2026802.85091	542819.667564
2026808.18235	542821.100003
2026817.99114	542823.735403
2026819.103	542824.034135
2026827.80228	542826.371434
2026835.90577	542828.548661
2026837.2977	542828.92264
2026847.11243	542831.559636
2026852.71959	542833.066155
2026856.61321	542834.112282
2026866.43463	542836.751076
2026869.01292	542837.443804
2026876.26258	542839.391625
2026885.14155	542841.777205
2026885.87943	542841.975456
2026894.9783	542844.420118
2026902.22486	542846.367104
2026904.49779	542846.97779
2026914.33305	542849.620301
2026919.10813	542850.903257
2026923.85187	542852.177793
2026933.68884	542854.820767
2026935.9971	542855.440943
2026943.52971	542857.464785
2026951.81261	542859.690214
2026953.05509	542860.024041
2026962.90355	542862.6701
2026968.74062	542864.238389
2026972.43726	542865.231593
2026982.29356	542867.879758
2026985.1484	542868.646791
2026992.15532	542870.52939
2027001.06474	542872.92315
2027002.12938	542873.209196
2027010.93523	542875.575129
2027018.58672	542877.630913
2027020.48948	542878.14214
2027030.36793	542880.796259
2027035.6172	542882.206619
2027039.93051	542883.365507
2027049.81532	542886.021333
2027052.66943	542886.788167
2027059.705	542888.678466
2027069.19431	542891.22803
2027069.27763	542891.250416
2027079.17555	542893.909765
2027086.29158	542895.821681
2027088.75593	542896.483796
2027098.66081	542899.145015
2027102.86047	542900.273369
2027108.56952	542901.807263
2027117.52188	542904.212559
2027120.00457	542904.879601
2027127.43813	542906.876831
2027137.03603	542909.455571
2027137.17036	542909.491662
2027146.95973	542912.121845
2027152.69352	542913.662386
2027156.5657	542914.702752
2027166.49539	542917.370637
2027169.90032	542918.285465
2027176.4289	542920.039546
2027186.0439	542922.622881
2027186.57149	542922.764631
2027195.98481	542925.293779
2027203.81816	542927.398425
2027205.60633	542927.878863
2027215.55298	542930.551305
2027220.52674	542931.887643
2027225.50243	542933.224499
2027234.81261	542935.725934
2027237.81171	542936.531724
2027244.76927	542938.401063
2027254.40659	542940.990395
2027255.11859	542941.181693
2027264.37087	542943.66757
2027271.88794	542945.687239
2027274.01553	542946.258875
2027283.98673	542948.937911
2027289.23886	542950.34904
2027293.96117	542951.617817
2027303.61733	542954.21221
2027306.05316	542954.866661
2027313.60083	542956.894552
2027323.26401	542959.49083
2027323.45325	542959.541675
2027333.25662	542962.175618
2027340.87956	542964.223732
2027343.25093	542964.860865
2027352.28256	542967.28746
2027356.6402	542968.45826
2027362.28578	542969.975099
2027371.96924	542972.576826
2027374.11383	542973.15303
2027381.98005	542975.266506
2027391.04361	542977.701681
2027391.66949	542977.869841
2027401.687	542980.561318
2027408.55686	542982.407096
2027411.70607	542983.253216
2027421.40523	542985.859163
2027425.52205	542986.965261
2027431.42992	542988.55257
2027441.13274	542991.159499
2027443.06601	542991.678926
2027451.16217	542993.854183
2027460.62393	542996.396342
2027461.19266	542996.549148
2027470.25646	542998.984388
2027477.63158	543000.965915
2027480.29294	543001.680963
2027490.00979	543004.291662
2027495.22671	543005.693331
2027500.05366	543006.990222
2027509.7768	543009.60261
2027512.27651	543010.274227
2027519.82885	543012.30337
2027529.88251	543015.004563
2027529.91739	543015.013934
2027539.61722	543017.62006
2027547.57805	543019.758955
2027549.67725	543020.322963
2027559.41569	543022.93946
2027563.54184	543024.048066
2027569.48062	543025.643682
2027579.54688	543028.348259
2027581.22737	543028.799767
2027588.64084	543030.791601
2027598.35104	543033.400512
2027598.70972	543033.496881
2027608.45596	543036.115477
2027616.05374	543038.156829
2027618.52774	543038.821537
2027628.27654	543041.440819
2027633.1944	543042.762136
2027638.35141	543044.14771
2027648.42735	543046.854888
2027650.91408	543047.523015
2027658.18016	543049.475248
2027668.25875	543052.183139
2027668.64311	543052.286407
2027678.01494	543054.804407
2027685.81031	543056.898846
2027688.09708	543057.513249
2027698.18128	543060.222648
2027703.55927	543061.667592
2027707.61635	543062.757636
2027717.70415	543065.468002
2027720.74806	543066.285831
2027727.46897	543068.091588
2027737.56042	543070.802934
2027738.5228	543071.061502
2027747.33255	543073.428484
2027756.32305	543075.84403
2027757.43183	543076.141934
2027767.53681	543078.856913
2027772.99641	543080.323784
2027777.31907	543081.485187
2027787.43166	543084.202211
2027790.84697	543085.119829
2027797.22455	543086.83334
2027807.34749	543089.553145
2027808.1578	543089.770859
2027817.47976	543092.275459
2027826.08234	543094.586779
2027826.63278	543094.734669
2027836.7758	543097.459869
2027843.46343	543099.256685
2027846.59489	543100.098038
2027856.74849	543102.82608
2027861.46224	543104.092558
2027866.58038	543105.467687
2027876.74555	543108.19884
2027879.50312	543108.939736
2027886.91874	543110.932147
2027896.76666	543113.578061
2027897.00083	543113.640978
2027906.95215	543116.314671
2027915.1166	543118.508274
2027916.8108	543118.96347
2027927.0056	543121.702582
2027932.68015	543123.227205
2027937.20431	543124.442745
2027946.42047	543126.91892
2027950.86139	543128.112095
2027956.62813	543129.661489
2027966.50955	543132.316402
2027969.06896	543133.004059
2027976.72285	543135.060486
2027985.52555	543137.425574
2027986.6076	543137.716296
2027996.82255	543140.460823
2028003.74821	543142.321592
2028007.03737	543143.205314
2028016.92238	543145.861194
2028021.38133	543147.059212
2028027.13672	543148.605555
2028037.02142	543151.261353
2028039.6009	543151.954401
2028047.23526	543154.00558
2028057.23091	543156.691187
2028057.44897	543156.749775
2028066.67402	543159.228337
2028075.4475	543161.585573
2028076.88768	543161.972517
2028086.77301	543164.628482
2028093.66909	543166.481303
2028096.98893	543167.373269
2028106.87745	543170.030091
2028111.31453	543171.222236
2028117.09898	543172.776386
2028127.32312	543175.523382
2028129.57019	543176.12712
2028137.22367	543178.183438
2028147.26667	543180.881764
2028147.45633	543180.932722
2028157.36815	543183.595805
2028165.58906	543185.804578
2028167.61223	543186.348159
2028177.86383	543189.102531
2028183.94612	543190.736706
2028187.45718	543191.680048
2028197.71796	543194.43689
2028200.55742	543195.199786
2028207.65138	543197.105774
2028217.91741	543199.864026
2028218.96792	543200.146275
2028227.85825	543202.534906
2028236.80937	543204.939868
2028238.13211	543205.295259
2028248.41213	543208.057268
2028255.27187	543209.900326
2028258.36213	543210.730611
2028268.64746	543213.494046
2028273.15783	543214.705882
2028278.60318	543216.168923
2028288.89262	543218.933463
2028291.65527	543219.675727
2028299.18621	543221.69912
2028308.48504	543224.197505
2028310.17389	543224.651263
2028318.78341	543226.964445
2028328.10911	543229.470052
2028328.75028	543229.642319
2028339.05056	543232.409771
2028346.64681	543234.450712
2028349.01839	543235.087902
2028359.31782	543237.855127
2028364.58328	543239.269839
2028369.61638	543240.622118
2028379.58185	543243.299615
2028383.11081	543244.247768
2028389.87816	543246.066001
2028399.84166	543248.742968
2028401.63055	543249.223605
2028410.13605	543251.50884
2028418.35298	543253.716543
2028420.43003	543254.274599
2028429.7272	543256.772539
2028436.8638	543258.689985
2028440.0202	543259.538038
2028449.98053	543262.214152
2028454.77387	543263.502017
2028460.2729	543264.97948
2028470.23329	543267.655613
2028473.28108	543268.474487
2028480.5265	543270.421166
2028490.82005	543273.186812
2028491.1953	543273.287634
2028500.78433	543275.863989
2028509.71779	543278.264207
2028511.08166	543278.63065
2028521.05175	543281.309387
2028528.26222	543283.24668
2028531.35653	543284.078051
2028541.66681	543286.848189
2028546.23689	543288.076066
2028550.98309	543289.351264
2028561.30158	543292.123609
2028564.84148	543293.074701
2028571.29141	543294.807651
2028581.61662	543297.581803
2028582.87033	543297.918645
2028591.61227	543300.267408
2028601.51567	543302.928227
2028601.94174	543303.042705
2028612.27368	543305.818665
2028620.17063	543307.940396
2028622.27281	543308.505203
2028632.60699	543311.281765
2028637.62983	543312.63129
2028642.60959	543313.969238
2030647.19715	543313.969238
2032651.78471	543313.969238
2034656.37226	543313.969238
2036660.95982	543313.969238
2038665.54738	543313.969238
2040670.13494	543313.969238
2042674.7225	543313.969238
2044679.31006	543313.969238
2046683.89762	543313.969238
2048688.48518	543313.969238
2050693.07274	543313.969238
2052697.66029	543313.969238
2054702.24785	543313.969238
2056706.83541	543313.969238
2058711.42297	543313.969238
2060716.01053	543313.969238
2062720.59809	543313.969238
2064725.18565	543313.969238
2066729.77321	543313.969238
2068734.36077	543313.969238
2070738.94832	543313.969238
2072743.53588	543313.969238
2074748.12344	543313.969238
2076752.711	543313.969238
2078757.29856	543313.969238
2080761.88612	543313.969238
2082766.47368	543313.969238
2084771.06124	543313.969238
2086775.6488	543313.969238
2088780.23635	543313.969238
2090784.82391	543313.969238
2092789.41147	543313.969238
2094793.99903	543313.969238
2096798.58659	543313.969238
2098803.17415	543313.969238
2100807.76171	543313.969238
2102812.34927	543313.969238
2104816.93683	543313.969238
2106821.52438	543313.969238
2108826.11194	543313.969238
2110830.6995	543313.969238
2112835.28706	543313.969238
2114839.87462	543313.969238
2116844.46218	543313.969238
2118849.04974	543313.969238
2120853.6373	543313.969238
2122858.22486	543313.969238
2124862.81241	543313.969238
2126867.39997	543313.969238
2128871.98753	543313.969238
2130876.57509	543313.969238
2132881.16265	543313.969238
2134885.75021	543313.969238
2136890.33777	543313.969238
2138894.92533	543313.969238
2140899.51289	543313.969238
2142904.10044	543313.969238
2144908.688	543313.969238
2146913.27556	543313.969238
2148917.86312	543313.969238
2150922.45068	543313.969238
2152927.03824	543313.969238
2154931.6258	543313.969238
2156936.21336	543313.969238
2158940.80092	543313.969238
2160945.38847	543313.969238
2162949.97603	543313.969238
2164954.56359	543313.969238
2166959.15115	543313.969238
2168963.73871	543313.969238
2170968.32627	543313.969238
2172972.91383	543313.969238
2174977.50139	543313.969238
2176982.08895	543313.969238
2178986.6765	543313.969238
2180991.26406	543313.969238
2182995.85162	543313.969238
2185000.43918	543313.969238
2187005.02674	543313.969238
2189009.6143	543313.969238
2191014.20186	543313.969238
2193018.78942	543313.969238
2195023.37698	543313.969238
2197027.96453	543313.969238
2199032.55209	543313.969238
2201037.13965	543313.969238
2203041.72721	543313.969238
2205046.31477	543313.969238
2207050.90233	543313.969238
2209055.48989	543313.969238
2211060.07745	543313.969238
2213064.66501	543313.969238
2215069.25256	543313.969238
2217073.84012	543313.969238
2219078.42768	543313.969238
2221083.01524	543313.969238
2223087.6028	543313.969238
2225092.19036	543313.969238
2227096.77792	543313.969238
2229101.36548	543313.969238
2231105.95304	543313.969238
2233110.54059	543313.969238
2235115.12815	543313.969238
2237119.71571	543313.969238
2239124.30327	543313.969238
2241128.89083	543313.969238
2243133.47839	543313.969238
2245138.06595	543313.969238
2247142.65351	543313.969238
2249147.24107	543313.969238
2251151.82862	543313.969238
2253156.41618	543313.969238
2255161.00374	543313.969238
2257165.5913	543313.969238
2259170.17886	543313.969238
2261174.76642	543313.969238
2263179.35398	543313.969238
2265183.94154	543313.969238
2267188.5291	543313.969238
2269193.11665	543313.969238
2271197.70421	543313.969238
2273202.29177	543313.969238
2275206.87933	543313.969238
2277211.46689	543313.969238
2279216.05445	543313.969238
2281220.64201	543313.969238
2283225.22957	543313.969238
2285229.81713	543313.969238
2287234.40468	543313.969238
2289238.99224	543313.969238
2291243.5798	543313.969238
2293248.16736	543313.969238
2295252.75492	543313.969238
2297257.34248	543313.969238
2299261.93004	543313.969238
2301266.5176	543313.969238
2303271.10516	543313.969238
2305275.69271	543313.969238
2307280.28027	543313.969238
2309284.86783	543313.969238
2311289.45539	543313.969238
2313294.04295	543313.969238
2315298.63051	543313.969238
2317303.21807	543313.969238
2319307.80563	543313.969238
2321312.39319	543313.969238
2323316.98074	543313.969238
2325321.5683	543313.969238
2327326.15586	543313.969238
2329330.74342	543313.969238
2331335.33098	543313.969238
2333339.91854	543313.969238
2335344.5061	543313.969238
2337349.09366	543313.969238
2339353.68122	543313.969238
2341358.26877	543313.969238
2343362.85633	543313.969238
2345367.44389	543313.969238
2347372.03145	543313.969238
2349376.61901	543313.969238
2351381.20657	543313.969238
2353385.79413	543313.969238
2355390.38169	543313.969238
2357394.96924	543313.969238
2359399.5568	543313.969238
2361404.14436	543313.969238
2363408.73192	543313.969238
2365413.31948	543313.969238
2367417.90704	543313.969238
2369422.4946	543313.969238
2371427.08216	543313.969238
2373431.66972	543313.969238
2375436.25727	543313.969238
2377440.84483	543313.969238
2379445.43239	543313.969238
2381450.01995	543313.969238
2383454.60751	543313.969238
2385459.19507	543313.969238
2387463.78263	543313.969238
2389468.37019	543313.969238
2391472.95775	543313.969238
2393477.5453	543313.969238
2395482.13286	543313.969238
2397486.72042	543313.969238
2399491.30798	543313.969238
2401495.89554	543313.969238
2403500.4831	543313.969238
2405505.07066	543313.969238
2407509.65822	543313.969238
2409514.24578	543313.969238
2411518.83333	543313.969238
2413523.42089	543313.969238
2415528.00845	543313.969238
2417532.59601	543313.969238
2419537.18357	543313.969238
2421541.77113	543313.969238
2423546.35869	543313.969238
2425550.94625	543313.969238
2427555.53381	543313.969238
2429560.12136	543313.969238
2431564.70892	543313.969238
2433569.29648	543313.969238
2435573.88404	543313.969238
2437578.4716	543313.969238
2439583.05916	543313.969238
2441587.64672	543313.969238
2443592.23428	543313.969238
2445596.82184	543313.969238
2447601.40939	543313.969238
2449605.99695	543313.969238
2451610.58451	543313.969238
2453615.17207	543313.969238
2455619.75963	543313.969238
2457624.34719	543313.969238
2459628.93475	543313.969238
2461633.52231	543313.969238
2463638.10987	543313.969238
2465642.69742	543313.969238
2467647.28498	543313.969238
2469651.87254	543313.969238
2471656.4601	543313.969238
2473661.04766	543313.969238
2475665.63522	543313.969238
2477670.22278	543313.969238
2479674.81034	543313.969238
2481679.3979	543313.969238
2483683.98545	543313.969238
2485688.57301	543313.969238
2487693.16057	543313.969238
2489697.74813	543313.969238
2491702.33569	543313.969238
2493706.92325	543313.969238
2495711.51081	543313.969238
2497716.09837	543313.969238
2499720.68593	543313.969238
2501725.27348	543313.969238
2503729.86104	543313.969238
2505734.4486	543313.969238
2507739.03616	543313.969238
2509743.62372	543313.969238
2511748.21128	543313.969238
2513752.79884	543313.969238
2515757.3864	543313.969238
2517761.97396	543313.969238
2519766.56151	543313.969238
2521771.14907	543313.969238
2523775.73663	543313.969238
2525780.32419	543313.969238
2527784.91175	543313.969238
2529789.49931	543313.969238
2531794.08687	543313.969238
2533798.67443	543313.969238
2535803.26199	543313.969238
2537807.84954	543313.969238
2539812.4371	543313.969238
2541817.02466	543313.969238
2543821.61222	543313.969238
2545826.19978	543313.969238
2547830.78734	543313.969238
2549835.3749	543313.969238
2551839.96246	543313.969238
2553844.55002	543313.969238
2555849.13757	543313.969238
2557853.72513	543313.969238
2559858.31269	543313.969238
2561862.90025	543313.969238
2563867.48781	543313.969238
2565872.07537	543313.969238
2567876.66293	543313.969238
2569881.25049	543313.969238
2571885.83805	543313.969238
2573890.4256	543313.969238
2575895.01316	543313.969238
2577899.60072	543313.969238
2579904.18828	543313.969238
2581908.77584	543313.969238
2583913.3634	543313.969238
2585917.95096	543313.969238
2587922.53852	543313.969238
2589927.12608	543313.969238
2591931.71363	543313.969238
2593936.30119	543313.969238
2595940.88875	543313.969238
2597945.47631	543313.969238
2599950.06387	543313.969238
2601954.65143	543313.969238
2603959.23899	543313.969238
2605963.82655	543313.969238
2607968.41411	543313.969238
2609973.00166	543313.969238
2611977.58922	543313.969238
2613982.17678	543313.969238
2615986.76434	543313.969238
2617991.3519	543313.969238
2619995.93946	543313.969238
2622000.52702	543313.969238
2624005.11458	543313.969238
2626009.70214	543313.969238
2628014.28969	543313.969238
2630018.87725	543313.969238
2632023.46481	543313.969238
2634028.05237	543313.969238
2636032.63993	543313.969238
2638037.22749	543313.969238
2640041.81505	543313.969238
2642046.40261	543313.969238
2644050.99017	543313.969238
2646055.57772	543313.969238
2648060.16528	543313.969238
2650064.75284	543313.969238
2652069.3404	543313.969238
2654073.92796	543313.969238
2656078.51552	543313.969238
2658083.10308	543313.969238
2660087.69064	543313.969238
2662092.2782	543313.969238
2664096.86575	543313.969238
2666101.45331	543313.969238
2668106.04087	543313.969238
2670110.62843	543313.969238
2672115.21599	543313.969238
2674119.80355	543313.969238
2676124.39111	543313.969238
2678128.97867	543313.969238
2680133.56622	543313.969238
2682138.15378	543313.969238
2684142.74134	543313.969238
2686147.3289	543313.969238
2688151.91646	543313.969238
2690156.50402	543313.969238
2692161.09158	543313.969238
2694165.67914	543313.969238
2696170.2667	543313.969238
2698174.85425	543313.969238
2700179.44181	543313.969238
2702184.02937	543313.969238
2704188.61693	543313.969238
2706193.20449	543313.969238
2708197.79205	543313.969238
2710202.37961	543313.969238
2712206.96717	543313.969238
2714211.55473	543313.969238
2716216.14228	543313.969238
2718220.72984	543313.969238
2720225.3174	543313.969238
2722229.90496	543313.969238
2724234.49252	543313.969238
2726239.08008	543313.969238
2728243.66764	543313.969238
2730248.2552	543313.969238
2732252.84276	543313.969238
2734257.43031	543313.969238
2736262.01787	543313.969238
2738266.60543	543313.969238
2740271.19299	543313.969238
2742275.78055	543313.969238
2744280.36811	543313.969238
2746284.95567	543313.969238
2748289.54323	543313.969238
2750294.13079	543313.969238
2752298.71834	543313.969238
2754303.3059	543313.969238
2756307.89346	543313.969238
2758312.48102	543313.969238
2760317.06858	543313.969238
2762321.65614	543313.969238
2764326.2437	543313.969238
2766330.83126	543313.969238
2768335.41882	543313.969238
2770340.00637	543313.969238
2772344.59393	543313.969238
2774349.18149	543313.969238
2776353.76905	543313.969238
2778358.35661	543313.969238
2780362.94417	543313.969238
2782367.53173	543313.969238
2784372.11929	543313.969238
2786376.70685	543313.969238
2788381.2944	543313.969238
2790385.88196	543313.969238
2792390.46952	543313.969238
2794395.05708	543313.969238
2796399.64464	543313.969238
2798404.2322	543313.969238
2800408.81976	543313.969238
2802413.40732	543313.969238
2804417.99488	543313.969238
2806422.58243	543313.969238
2808427.16999	543313.969238
2810431.75755	543313.969238
2812436.34511	543313.969238
2814440.93267	543313.969238
2816445.52023	543313.969238
2818450.10779	543313.969238
2820454.69535	543313.969238
2822459.28291	543313.969238
2824463.87046	543313.969238
2826468.45802	543313.969238
2828473.04558	543313.969238
2830477.63314	543313.969238
2832482.2207	543313.969238
2834486.80826	543313.969238
2836491.39582	543313.969238
2838495.98338	543313.969238
2840500.57094	543313.969238
2842505.15849	543313.969238
2844509.74605	543313.969238
2846514.33361	543313.969238
2848518.92117	543313.969238
2850523.50873	543313.969238
2852528.09629	543313.969238
2854532.68385	543313.969238
2856537.27141	543313.969238
2858541.85897	543313.969238
2860546.44652	543313.969238
2862551.03408	543313.969238
2864555.62164	543313.969238
2866560.2092	543313.969238
2868564.79676	543313.969238
2870569.38432	543313.969238
2872573.97188	543313.969238
2874578.55944	543313.969238
2876583.147	543313.969238
2878587.73455	543313.969238
2880592.32211	543313.969238
2882596.90967	543313.969238
2884601.49723	543313.969238
2886606.08479	543313.969238
2888610.67235	543313.969238
2890615.25991	543313.969238
2892619.84747	543313.969238
2894624.43503	543313.969238
2896629.02258	543313.969238
2898633.61014	543313.969238
2900638.1977	543313.969238
2902642.78526	543313.969238
2904647.37282	543313.969238
2906651.96038	543313.969238
2908656.54794	543313.969238
2910661.1355	543313.969238
2912665.72306	543313.969238
2914670.31061	543313.969238
2916674.89817	543313.969238
2918679.48573	543313.969238
2920684.07329	543313.969238
2922688.66085	543313.969238
2924693.24841	543313.969238
2926697.83597	543313.969238
2928702.42353	543313.969238
2930707.01109	543313.969238
2932711.59864	543313.969238
2934716.1862	543313.969238
2936720.77376	543313.969238
2938725.36132	543313.969238
2940729.94888	543313.969238
2942734.53644	543313.969238
2944739.124	543313.969238
2946743.71156	543313.969238
2948748.29912	543313.969238
2950752.88667	543313.969238
2952757.47423	543313.969238
2954762.06179	543313.969238
2956766.64935	543313.969238
2958771.23691	543313.969238
2960775.82447	543313.969238
2962780.41203	543313.969238
2964784.99959	543313.969238
2966789.58715	543313.969238
2968794.1747	543313.969238
2970798.76226	543313.969238
2972803.34982	543313.969238
2974807.93738	543313.969238
2976812.52494	543313.969238
2978817.1125	543313.969238
2980821.70006	543313.969238
2982826.28762	543313.969238
2984830.87517	543313.969238
2986835.46273	543313.969238
2988840.05029	543313.969238
2990844.63785	543313.969238
2992849.22541	543313.969238
2994853.81297	543313.969238
2996858.40053	543313.969238
2998862.98809	543313.969238
3000867.57565	543313.969238
3002872.1632	543313.969238
3004876.75076	543313.969238
3006881.33832	543313.969238
3008885.92588	543313.969238
3010890.51344	543313.969238
3012895.101	543313.969238
3014899.68856	543313.969238
3016904.27612	543313.969238
3018908.86368	543313.969238
3020913.45123	543313.969238
3022918.03879	543313.969238
3024922.62635	543313.969238
3026927.21391	543313.969238
3028931.80147	543313.969238
3030936.38903	543313.969238
3032940.97659	543313.969238
3034945.56415	543313.969238
3036950.15171	543313.969238
3038954.73926	543313.969238
3040959.32682	543313.969238
3042963.91438	543313.969238
3044968.50194	543313.969238
3046973.0895	543313.969238
3048977.67706	543313.969238
3050982.26462	543313.969238
3052986.85218	543313.969238
3054991.43974	543313.969238
3056996.02729	543313.969238
3059000.61485	543313.969238
3061005.20241	543313.969238
3063009.78997	543313.969238
3065014.37753	543313.969238
3067018.96509	543313.969238
3069023.55265	543313.969238
3071028.14021	543313.969238
3073032.72777	543313.969238
3075037.31532	543313.969238
3077041.90288	543313.969238
3079046.49044	543313.969238
3081051.078	543313.969238
3083055.66556	543313.969238
3085060.25312	543313.969238
3087064.84068	543313.969238
3089069.42824	543313.969238
3091074.0158	543313.969238
3093078.60335	543313.969238
3095083.19091	543313.969238
3097087.77847	543313.969238
3099092.36603	543313.969238
3101096.95359	543313.969238
3103101.54115	543313.969238
3105106.12871	543313.969238
3107110.71627	543313.969238
3109115.30383	543313.969238
3111119.89138	543313.969238
3113124.47894	543313.969238
3115129.0665	543313.969238
3117133.65406	543313.969238
3119138.24162	543313.969238
3121142.82918	543313.969238
3123147.41674	543313.969238
3125152.0043	543313.969238
3127156.59186	543313.969238
3129161.17941	543313.969238
3131165.76697	543313.969238
3133170.35453	543313.969238
3135174.94209	543313.969238
3137179.52965	543313.969238
3139184.11721	543313.969238
3141188.70477	543313.969238
3143193.29233	543313.969238
3145197.87989	543313.969238
3147202.46744	543313.969238
3149207.055	543313.969238
3151211.64256	543313.969238
3153216.23012	543313.969238
3155220.81768	543313.969238
3157225.40524	543313.969238
3159229.9928	543313.969238
3161234.58036	543313.969238
3163239.16792	543313.969238
3165243.75547	543313.969238
3167248.34303	543313.969238
3169252.93059	543313.969238
3171257.51815	543313.969238
3173262.10571	543313.969238
3175266.69327	543313.969238
3177271.28083	543313.969238
3179275.86839	543313.969238
3181280.45595	543313.969238
3183285.0435	543313.969238
3185289.63106	543313.969238
3187294.21862	543313.969238
3189298.80618	543313.969238
3191303.39374	543313.969238
3193307.9813	543313.969238
3195312.56886	543313.969238
3197317.15642	543313.969238
3199321.74398	543313.969238
3201326.33153	543313.969238
3203330.91909	543313.969238
3205335.50665	543313.969238
3207340.09421	543313.969238
3209344.68177	543313.969238
3211349.26933	543313.969238
3213353.85689	543313.969238
3215358.44445	543313.969238
3217363.03201	543313.969238
3219367.61956	543313.969238
3221372.20712	543313.969238
3223376.79468	543313.969238
3225381.38224	543313.969238
3227385.9698	543313.969238
3229390.55736	543313.969238
3231395.14492	543313.969238
3233399.73248	543313.969238
3235404.32004	543313.969238
3237408.90759	543313.969238
3239413.49515	543313.969238
3241418.08271	543313.969238
3243422.67027	543313.969238
3245427.25783	543313.969238
3247431.84539	543313.969238
3249436.43295	543313.969238
3251441.02051	543313.969238
3253445.60807	543313.969238
3255450.19562	543313.969238
3257454.78318	543313.969238
3259459.37074	543313.969238
3261463.9583	543313.969238
3263468.54586	543313.969238
3265473.13342	543313.969238
3267477.72098	543313.969238
3269482.30854	543313.969238
3271486.8961	543313.969238
3273491.48365	543313.969238
3275496.07121	543313.969238
3277500.65877	543313.969238
3279505.24633	543313.969238
3281509.83389	543313.969238
3283514.42145	543313.969238
3285519.00901	543313.969238
3287523.59657	543313.969238
3289528.18413	543313.969238
3291532.77168	543313.969238
3293537.35924	543313.969238
3295541.9468	543313.969238
3297546.53436	543313.969238
3299551.12192	543313.969238
3301555.70948	543313.969238
3303560.29704	543313.969238
3305564.8846	543313.969238
3307569.47215	543313.969238
3309574.05971	543313.969238
3311578.64727	543313.969238
3313583.23483	543313.969238
3315587.82239	543313.969238
3317592.40995	543313.969238
3319596.99751	543313.969238
3321601.58507	543313.969238
3323606.17263	543313.969238
3325610.76018	543313.969238
3327615.34774	543313.969238
3329619.9353	543313.969238
3331624.52286	543313.969238
3333629.11042	543313.969238
3335633.69798	543313.969238
3337638.28554	543313.969238
3339642.8731	543313.969238
3341647.46066	543313.969238
3343652.04821	543313.969238
3345656.63577	543313.969238
3347661.22333	543313.969238
3349665.81089	543313.969238
3351670.39845	543313.969238
3353674.98601	543313.969238
3355679.57357	543313.969238
3357684.16113	543313.969238
3359688.74869	543313.969238
3361693.33624	543313.969238
3363697.9238	543313.969238
3365702.51136	543313.969238
3367707.09892	543313.969238
3369711.68648	543313.969238
3371716.27404	543313.969238
3373720.8616	543313.969238
3375725.44916	543313.969238
3377730.03672	543313.969238
3379734.62427	543313.969238
3381739.21183	543313.969238
3383743.79939	543313.969238
3385748.38695	543313.969238
3387752.97451	543313.969238
3389757.56207	543313.969238
3391762.14963	543313.969238
3393766.73719	543313.969238
3395771.32475	543313.969238
3397775.9123	543313.969238
3399780.49986	543313.969238
3401785.08742	543313.969238
3403789.67498	543313.969238
3405794.26254	543313.969238
3407798.8501	543313.969238
3409803.43766	543313.969238
3411808.02522	543313.969238
3413812.61278	543313.969238
3415817.20033	543313.969238
3417821.78789	543313.969238
3419826.37545	543313.969238
3421830.96301	543313.969238
3423835.55057	543313.969238
3425840.13813	543313.969238
3427844.72569	543313.969238
3429849.31325	543313.969238
3431853.90081	543313.969238
3433858.48836	543313.969238
3435863.07592	543313.969238
3437867.66348	543313.969238
3439872.25104	543313.969238
3441876.8386	543313.969238
3443881.42616	543313.969238
3445886.01372	543313.969238
3447890.60128	543313.969238
3449895.18884	543313.969238
3451899.77639	543313.969238
3453904.36395	543313.969238
3455908.95151	543313.969238
3457913.53907	543313.969238
3459918.12663	543313.969238
3461922.71419	543313.969238
3463927.30175	543313.969238
3465931.88931	543313.969238
3467936.47687	543313.969238
3469941.06442	543313.969238
3471945.65198	543313.969238
3473950.23954	543313.969238
3475954.8271	543313.969238
3477959.41466	543313.969238
3479964.00222	543313.969238
3481968.58978	543313.969238
3483973.17734	543313.969238
3485977.7649	543313.969238
3487982.35245	543313.969238
3489986.94001	543313.969238
3491991.52757	543313.969238
3493996.11513	543313.969238
3496000.70269	543313.969238
3498005.29025	543313.969238
3500009.87781	543313.969238
3502014.46537	543313.969238
3504019.05293	543313.969238
3506023.64048	543313.969238
3508028.22804	543313.969238
3510032.8156	543313.969238
3512037.40316	543313.969238
3514041.99072	543313.969238
3516046.57828	543313.969238
3518051.16584	543313.969238
3520055.7534	543313.969238
3522060.34096	543313.969238
3524064.92851	543313.969238
3526069.51607	543313.969238
3528074.10363	543313.969238
3530078.69119	543313.969238
3532083.27875	543313.969238
3534087.86631	543313.969238
3536092.45387	543313.969238
3538097.04143	543313.969238
3540101.62899	543313.969238
3542106.21654	543313.969238
3544110.8041	543313.969238
3546115.39166	543313.969238
3548119.97922	543313.969238
3550124.56678	543313.969238
3552129.15434	543313.969238
3554133.7419	543313.969238
3556138.32946	543313.969238
3558142.91702	543313.969238
3560147.50457	543313.969238
3562152.09213	543313.969238
3564156.67969	543313.969238
3566161.26725	543313.969238
3568165.85481	543313.969238
3570170.44237	543313.969238
3572175.02993	543313.969238
3574179.61749	543313.969238
3576184.20505	543313.969238
3578188.7926	543313.969238
3580193.38016	543313.969238
3582197.96772	543313.969238
3584202.55528	543313.969238
3586207.14284	543313.969238
3588211.7304	543313.969238
3590216.31796	543313.969238
3592220.90552	543313.969238
3594225.49308	543313.969238
3596230.08063	543313.969238
3598234.66819	543313.969238
3600239.25575	543313.969238
3602243.84331	543313.969238
3604248.43087	543313.969238
3606253.01843	543313.969238
3608257.60599	543313.969238
3610262.19355	543313.969238
3612266.78111	543313.969238
3614271.36866	543313.969238
3616275.95622	543313.969238
3618280.54378	543313.969238
3620285.13134	543313.969238
3622289.7189	543313.969238
3624294.30646	543313.969238
3626298.89402	543313.969238
3628303.48158	543313.969238
3630308.06913	543313.969238
3632312.65669	543313.969238
3634317.24425	543313.969238
3636321.83181	543313.969238
3638326.41937	543313.969238
3640331.00693	543313.969238
3642335.59449	543313.969238
3644340.18205	543313.969238
3646344.76961	543313.969238
3648349.35716	543313.969238
3650353.94472	543313.969238
3652358.53228	543313.969238
3654363.11984	543313.969238
3656367.7074	543313.969238
3658372.29496	543313.969238
3660376.88252	543313.969238
3662381.47008	543313.969238
3664386.05764	543313.969238
3666390.64519	543313.969238
3668395.23275	543313.969238
3670399.82031	543313.969238
3672404.40787	543313.969238
3674408.99543	543313.969238
3676413.58299	543313.969238
3678418.17055	543313.969238
3680422.75811	543313.969238
3682427.34567	543313.969238
3684431.93322	543313.969238
3686436.52078	543313.969238
3688441.10834	543313.969238
3690445.6959	543313.969238
3692450.28346	543313.969238
3694454.87102	543313.969238
3696459.45858	543313.969238
3698464.04614	543313.969238
3700468.6337	543313.969238
3702473.22125	543313.969238
3704477.80881	543313.969238
3706482.39637	543313.969238
3708486.98393	543313.969238
3710491.57149	543313.969238
3712496.15905	543313.969238
3714500.74661	543313.969238
3716505.33417	543313.969238
3718509.92173	543313.969238
3720514.50928	543313.969238
3722519.09684	543313.969238
3724523.6844	543313.969238
3726528.27196	543313.969238
3728532.85952	543313.969238
3730537.44708	543313.969238
3732542.03464	543313.969238
3734546.6222	543313.969238
3736551.20976	543313.969238
3738555.79731	543313.969238
3740560.38487	543313.969238
3742564.97243	543313.969238
3744569.55999	543313.969238
3746574.14755	543313.969238
3748578.73511	543313.969238
3750583.32267	543313.969238
3752587.91023	543313.969238
3754592.49779	543313.969238
3756597.08534	543313.969238
3758601.6729	543313.969238
3760606.26046	543313.969238
3762610.84802	543313.969238
3764615.43558	543313.969238
3766620.02314	543313.969238
3768624.6107	543313.969238
3770629.19826	543313.969238
3772633.78582	543313.969238
3774638.37337	543313.969238
3776642.96093	543313.969238
3778647.54849	543313.969238
3780652.13605	543313.969238
3782656.72361	543313.969238
3784661.31117	543313.969238
3786665.89873	543313.969238
3788670.48629	543313.969238
3790675.07385	543313.969238
3792679.6614	543313.969238
3794684.24896	543313.969238
3796688.83652	543313.969238
3798693.42408	543313.969238
3800698.01164	543313.969238
3802702.5992	543313.969238
3804707.18676	543313.969238
3806711.77432	543313.969238
3808716.36188	543313.969238
3810720.94943	543313.969238
3812725.53699	543313.969238
3814730.12455	543313.969238
3816734.71211	543313.969238
3818739.29967	543313.969238
3820743.88723	543313.969238
3822748.47479	543313.969238
3824753.06235	543313.969238
3826757.64991	543313.969238
3828762.23746	543313.969238
3830766.82502	543313.969238
3832771.41258	543313.969238
3834776.00014	543313.969238
3836780.5877	543313.969238
3838785.17526	543313.969238
3840789.76282	543313.969238
3842794.35038	543313.969238
3844798.93794	543313.969238
3846803.52549	543313.969238
3848808.11305	543313.969238
3850812.70061	543313.969238
3852817.28817	543313.969238
3854821.87573	543313.969238
3856826.46329	543313.969238
3858831.05085	543313.969238
3860835.63841	543313.969238
3862840.22597	543313.969238
3864844.81352	543313.969238
3866849.40108	543313.969238
3868853.98864	543313.969238
3870858.5762	543313.969238
3872863.16376	543313.969238
3874867.75132	543313.969238
3876872.33888	543313.969238
3878876.92644	543313.969238
3880881.514	543313.969238
3882886.10155	543313.969238
3884890.68911	543313.969238
3886895.27667	543313.969238
3888899.86423	543313.969238
3890904.45179	543313.969238
3892909.03935	543313.969238
3894913.62691	543313.969238
3896918.21447	543313.969238
3898922.80203	543313.969238
3900927.38958	543313.969238
3902931.97714	543313.969238
3904936.5647	543313.969238
3906941.15226	543313.969238
3908945.73982	543313.969238
3910950.32738	543313.969238
3912954.91494	543313.969238
3914959.5025	543313.969238
3916964.09006	543313.969238
3918968.67761	543313.969238
3920973.26517	543313.969238
3922977.85273	543313.969238
3924982.44029	543313.969238
3926987.02785	543313.969238
3928991.61541	543313.969238
3930996.20297	543313.969238
3933000.79053	543313.969238
3935005.37808	543313.969238
3937009.96564	543313.969238
3939014.5532	543313.969238
3941019.14076	543313.969238
3943023.72832	543313.969238
3945028.31588	543313.969238
3947032.90344	543313.969238
3949037.491	543313.969238
3951042.07856	543313.969238
3953046.66611	543313.969238
3955051.25367	543313.969238
3957055.84123	543313.969238
3959060.42879	543313.969238
3961065.01635	543313.969238
3963069.60391	543313.969238
3965074.19147	543313.969238
3967078.77903	543313.969238
3969083.36659	543313.969238
3971087.95414	543313.969238
3973092.5417	543313.969238
3975097.12926	543313.969238
3977101.71682	543313.969238
3979106.30438	543313.969238
3981110.89194	543313.969238
3983115.4795	543313.969238
3985120.06706	543313.969238
3987124.65462	543313.969238
3989129.24217	543313.969238
3991133.82973	543313.969238
3993138.41729	543313.969238
3995143.00485	543313.969238
3997147.59241	543313.969238
3999152.17997	543313.969238
4001156.76753	543313.969238
4003161.35509	543313.969238
4005165.94265	543313.969238
4007170.5302	543313.969238
4009175.11776	543313.969238
4011179.70532	543313.969238
4013184.29288	543313.969238
4015188.88044	543313.969238
4017193.468	543313.969238
4019198.05556	543313.969238
4021202.64312	543313.969238
4023207.23068	543313.969238
4025211.81823	543313.969238
4027216.40579	543313.969238
4029220.99335	543313.969238
4031225.58091	543313.969238
4033230.16847	543313.969238
4035234.75603	543313.969238
4037239.34359	543313.969238
4039243.93115	543313.969238
4041248.51871	543313.969238
4043253.10626	543313.969238
4045257.69382	543313.969238
4047262.28138	543313.969238
4049266.86894	543313.969238
4051271.4565	543313.969238
4053276.04406	543313.969238
4055280.63162	543313.969238
4057285.21918	543313.969238
4059289.80674	543313.969238
4061294.39429	543313.969238
4063298.98185	543313.969238
4065303.56941	543313.969238
4067308.15697	543313.969238
4069312.74453	543313.969238
4071317.33209	543313.969238
4073321.91965	543313.969238
4075326.50721	543313.969238
4077331.09477	543313.969238
4079335.68232	543313.969238
4081340.26988	543313.969238
4083344.85744	543313.969238
4085349.445	543313.969238
4087354.03256	543313.969238
4089358.62012	543313.969238
4091363.20768	543313.969238
4093367.79524	543313.969238
4095372.3828	543313.969238
4097376.97035	543313.969238
4099381.55791	543313.969238
4101386.14547	543313.969238
4103390.73303	543313.969238
4105395.32059	543313.969238
4107399.90815	543313.969238
4109404.49571	543313.969238
4111409.08327	543313.969238
4113413.67083	543313.969238
4115418.25838	543313.969238
4117422.84594	543313.969238
4119427.4335	543313.969238
4121432.02106	543313.969238
4123436.60862	543313.969238
4125441.19618	543313.969238
4127445.78374	543313.969238
4129450.3713	543313.969238
4131454.95886	543313.969238
4133459.54641	543313.969238
4135464.13397	543313.969238
4137468.72153	543313.969238
4139473.30909	543313.969238
4141477.89665	543313.969238
4143482.48421	543313.969238
4145487.07177	543313.969238
4147491.65933	543313.969238
4149496.24689	543313.969238
4151500.83444	543313.969238
4153505.422	543313.969238
4155510.00956	543313.969238
4157514.59712	543313.969238
4159519.18468	543313.969238
4161523.77224	543313.969238
4163528.3598	543313.969238
4165532.94736	543313.969238
4167537.53492	543313.969238
4169542.12247	543313.969238
4171546.71003	543313.969238
4173551.29759	543313.969238
4175555.88515	543313.969238
4177560.47271	543313.969238
4179565.06027	543313.969238
4181569.64783	543313.969238
4183574.23539	543313.969238
4185578.82295	543313.969238
4187583.4105	543313.969238
4189587.99806	543313.969238
4191592.58562	543313.969238
4193597.17318	543313.969238
4195601.76074	543313.969238
4197606.3483	543313.969238
4199610.93586	543313.969238
4201615.52342	543313.969238
4203620.11098	543313.969238
4205624.69853	543313.969238
4207629.28609	543313.969238
4209633.87365	543313.969238
4211638.46121	543313.969238
4213643.04877	543313.969238
4215647.63633	543313.969238
4217652.22389	543313.969238
4219656.81145	543313.969238
4221661.39901	543313.969238
4223665.98656	543313.969238
4225670.57412	543313.969238
4227675.16168	543313.969238
4229679.74924	543313.969238
4231684.3368	543313.969238
4233688.92436	543313.969238
4235693.51192	543313.969238
4237698.09948	543313.969238
4239702.68704	543313.969238
4241707.27459	543313.969238
4243711.86215	543313.969238
4245716.44971	543313.969238
4247721.03727	543313.969238
4249725.62483	543313.969238
4251730.21239	543313.969238
4253734.79995	543313.969238
4255739.38751	543313.969238
4257743.97506	543313.969238
4259748.56262	543313.969238
4261753.15018	543313.969238
4263757.73774	543313.969238
4265762.3253	543313.969238
4267766.91286	543313.969238
4269771.50042	543313.969238
4271776.08798	543313.969238
4273780.67554	543313.969238
4275785.26309	543313.969238
4277789.85065	543313.969238
4279794.43821	543313.969238
4281799.02577	543313.969238
4283803.61333	543313.969238
4285808.20089	543313.969238
4287812.78845	543313.969238
4289817.37601	543313.969238
4291821.96357	543313.969238
4293826.55112	543313.969238
4295831.13868	543313.969238
4297835.72624	543313.969238
4299840.3138	543313.969238
4301844.90136	543313.969238
4303849.48892	543313.969238
4305854.07648	543313.969238
4307858.66404	543313.969238
4309863.2516	543313.969238
4311867.83915	543313.969238
4313872.42671	543313.969238
4315877.01427	543313.969238
4317881.60183	543313.969238
4319886.18939	543313.969238
4321890.77695	543313.969238
4323895.36451	543313.969238
4325899.95207	543313.969238
4327904.53963	543313.969238
4329909.12718	543313.969238
4331913.71474	543313.969238
4333918.3023	543313.969238
4335922.88986	543313.969238
4337927.47742	543313.969238
4339932.06498	543313.969238
4341936.65254	543313.969238
4343941.2401	543313.969238
4345945.82766	543313.969238
4347950.41521	543313.969238
4349955.00277	543313.969238
4351959.59033	543313.969238
4353964.17789	543313.969238
4355968.76545	543313.969238
4357973.35301	543313.969238
4359977.94057	543313.969238
4361982.52813	543313.969238
4363987.11569	543313.969238
4365991.70324	543313.969238
4367996.2908	543313.969238
4370000.87836	543313.969238
4372005.46592	543313.969238
4374010.05348	543313.969238
4376014.64104	543313.969238
4378019.2286	543313.969238
4380023.81616	543313.969238
4382028.40372	543313.969238
4384032.99127	543313.969238
4386037.57883	543313.969238
4388042.16639	543313.969238
4390046.75395	543313.969238
4392051.34151	543313.969238
4394055.92907	543313.969238
4396060.51663	543313.969238
4398065.10419	543313.969238
4400069.69175	543313.969238
4402074.2793	543313.969238
4404078.86686	543313.969238
4406083.45442	543313.969238
4408088.04198	543313.969238
4410092.62954	543313.969238
4412097.2171	543313.969238
4414101.80466	543313.969238
4416106.39222	543313.969238
4418110.97978	543313.969238
4420115.56733	543313.969238
4422120.15489	543313.969238
4424124.74245	543313.969238
4426129.33001	543313.969238
4428133.91757	543313.969238
4430138.50513	543313.969238
4432143.09269	543313.969238
4434147.68025	543313.969238
4436152.26781	543313.969238
4438156.85536	543313.969238
4440161.44292	543313.969238
4442166.03048	543313.969238
4444170.61804	543313.969238
4446175.2056	543313.969238
4448179.79316	543313.969238
4450184.38072	543313.969238
4452188.96828	543313.969238
4454193.55584	543313.969238
4456198.14339	543313.969238
4458202.73095	543313.969238
4460207.31851	543313.969238
4462211.90607	543313.969238
4464216.49363	543313.969238
4466221.08119	543313.969238
4468225.66875	543313.969238
4470230.25631	543313.969238
4472234.84387	543313.969238
4474239.43142	543313.969238
4476244.01898	543313.969238
4478248.60654	543313.969238
4480253.1941	543313.969238
4482257.78166	543313.969238
4484262.36922	543313.969238
4486266.95678	543313.969238
4488271.54434	543313.969238
4490276.1319	543313.969238
4492280.71945	543313.969238
4494285.30701	543313.969238
4496289.89457	543313.969238
4498294.48213	543313.969238
4500299.06969	543313.969238
4502303.65725	543313.969238
4504308.24481	543313.969238
4506312.83237	543313.969238
4508317.41993	543313.969238
4510322.00748	543313.969238
4512326.59504	543313.969238
4514331.1826	543313.969238
4516335.77016	543313.969238
4518340.35772	543313.969238
4520344.94528	543313.969238
4522349.53284	543313.969238
4524354.1204	543313.969238
4526358.70796	543313.969238
4528363.29551	543313.969238
4530367.88307	543313.969238
4532372.47063	543313.969238
4534377.05819	543313.969238
4536381.64575	543313.969238
4538386.23331	543313.969238
4540390.82087	543313.969238
4542395.40843	543313.969238
4544399.99598	543313.969238
4546404.58354	543313.969238
4548409.1711	543313.969238
4550413.75866	543313.969238
4552418.34622	543313.969238
4554422.93378	543313.969238
4556427.52134	543313.969238
4558432.1089	543313.969238
4560436.69646	543313.969238
4562441.28401	543313.969238
4564445.87157	543313.969238
4566450.45913	543313.969238
4568455.04669	543313.969238
4570459.63425	543313.969238
4572464.22181	543313.969238
4574468.80937	543313.969238
4576473.39693	543313.969238
4578477.98449	543313.969238
4580482.57204	543313.969238
4582487.1596	543313.969238
4584491.74716	543313.969238
4586496.33472	543313.969238
4588500.92228	543313.969238
4590505.50984	543313.969238
4592510.0974	543313.969238
4594514.68496	543313.969238
4596519.27252	543313.969238
4598523.86007	543313.969238
4600528.44763	543313.969238
4602533.03519	543313.969238
4604537.62275	543313.969238
4606542.21031	543313.969238
4608546.79787	543313.969238
4610551.38543	543313.969238
4612555.97299	543313.969238
4614560.56055	543313.969238
4616565.1481	543313.969238
4618569.73566	543313.969238
4620574.32322	543313.969238
4622578.91078	543313.969238
4624583.49834	543313.969238
4626588.0859	543313.969238
4628592.67346	543313.969238
4630597.26102	543313.969238
4632601.84858	543313.969238
4634606.43613	543313.969238
4636611.02369	543313.969238
4638615.61125	543313.969238
4640620.19881	543313.969238
4642624.78637	543313.969238
4644629.37393	543313.969238
4646633.96149	543313.969238
4648638.54905	543313.969238
4650643.13661	543313.969238
4652647.72416	543313.969238
4654652.31172	543313.969238
4656656.89928	543313.969238
4658661.48684	543313.969238
4660666.0744	543313.969238
4662670.66196	543313.969238
4664675.24952	543313.969238
4666679.83708	543313.969238
4668684.42464	543313.969238
4670689.01219	543313.969238
4672693.59975	543313.969238
4674698.18731	543313.969238
4676702.77487	543313.969238
4678707.36243	543313.969238
4680711.94999	543313.969238
4682716.53755	543313.969238
4684721.12511	543313.969238
4686725.71267	543313.969238
4688730.30022	543313.969238
4690734.88778	543313.969238
4692739.47534	543313.969238
4694744.0629	543313.969238
4696748.65046	543313.969238
4698753.23802	543313.969238
4700757.82558	543313.969238
4702762.41314	543313.969238
4704767.0007	543313.969238
4706771.58825	543313.969238
4708776.17581	543313.969238
4710780.76337	543313.969238
4712785.35093	543313.969238
4714789.93849	543313.969238
4716794.52605	543313.969238
4718799.11361	543313.969238
4720803.70117	543313.969238
4722808.28873	543313.969238
4724812.87628	543313.969238
4726817.46384	543313.969238
4728822.0514	543313.969238
4730826.63896	543313.969238
4732831.22652	543313.969238
4734835.81408	543313.969238
4736840.40164	543313.969238
4738844.9892	543313.969238
4740849.57676	543313.969238
4742854.16431	543313.969238
4744858.75187	543313.969238
4746863.33943	543313.969238
4748867.92699	543313.969238
4750872.51455	543313.969238
4752877.10211	543313.969238
4754881.68967	543313.969238
4756886.27723	543313.969238
4758890.86479	543313.969238
4760895.45234	543313.969238
4762900.0399	543313.969238
4764904.62746	543313.969238
4766909.21502	543313.969238
4768913.80258	543313.969238
4770918.39014	543313.969238
4772922.9777	543313.969238
4774927.56526	543313.969238
4776932.15282	543313.969238
4778936.74037	543313.969238
4780941.32793	543313.969238
4782945.91549	543313.969238
4784950.50305	543313.969238
4786955.09061	543313.969238
4788959.67817	543313.969238
4790964.26573	543313.969238
4792968.85329	543313.969238
4794973.44085	543313.969238
4796978.0284	543313.969238
4798982.61596	543313.969238
4800987.20352	543313.969238
4802991.79108	543313.969238
4804996.37864	543313.969238
4807000.9662	543313.969238
4809005.55376	543313.969238
4811010.14132	543313.969238
4813014.72888	543313.969238
4815019.31643	543313.969238
4817023.90399	543313.969238
4819028.49155	543313.969238
4821033.07911	543313.969238
4823037.66667	543313.969238
4825042.25423	543313.969238
4827046.84179	543313.969238
4829051.42935	543313.969238
4831056.01691	543313.969238
4833060.60446	543313.969238
4835065.19202	543313.969238
4837069.77958	543313.969238
4839074.36714	543313.969238
4841078.9547	543313.969238
4843083.54226	543313.969238
4845088.12982	543313.969238
4847092.71738	543313.969238
4849097.30493	543313.969238
4851101.89249	543313.969238
4853106.48005	543313.969238
4855111.06761	543313.969238
4857115.65517	543313.969238
4859120.24273	543313.969238
4861124.83029	543313.969238
4863129.41785	543313.969238
4865134.00541	543313.969238
4867138.59296	543313.969238
4869143.18052	543313.969238
4871147.76808	543313.969238
4873152.35564	543313.969238
4875156.9432	543313.969238
4877161.53076	543313.969238
4879166.11832	543313.969238
4881170.70588	543313.969238
4883175.29344	543313.969238
4885179.88099	543313.969238
4887184.46855	543313.969238
4889189.05611	543313.969238
4891193.64367	543313.969238
4893198.23123	543313.969238
4895202.81879	543313.969238
4897207.40635	543313.969238
4899211.99391	543313.969238
4901216.58147	543313.969238
4903221.16902	543313.969238
4905225.75658	543313.969238
4907230.34414	543313.969238
4909234.9317	543313.969238
4911239.51926	543313.969238
4913244.10682	543313.969238
4915248.69438	543313.969238
4917253.28194	543313.969238
4919257.8695	543313.969238
4921262.45705	543313.969238
4923267.04461	543313.969238
4925271.63217	543313.969238
4927276.21973	543313.969238
4929280.80729	543313.969238
4931285.39485	543313.969238
4933289.98241	543313.969238
4935294.56997	543313.969238
4937299.15753	543313.969238
4939303.74508	543313.969238
4941308.33264	543313.969238
4943312.9202	543313.969238
4945317.50776	543313.969238
4947322.09532	543313.969238
4949326.68288	543313.969238
4951331.27044	543313.969238
4953335.858	543313.969238
4955340.44556	543313.969238
4957345.03311	543313.969238
4959349.62067	543313.969238
4961354.20823	543313.969238
4963358.79579	543313.969238
4965363.38335	543313.969238
4967367.97091	543313.969238
4969372.55847	543313.969238
4971377.14603	543313.969238
4973381.73359	543313.969238
4975386.32114	543313.969238
4977390.9087	543313.969238
4979395.49626	543313.969238
4981400.08382	543313.969238
4983404.67138	543313.969238
4985409.25894	543313.969238
4987413.8465	543313.969238
4989418.43406	543313.969238
4991423.02162	543313.969238
4993427.60917	543313.969238
4995432.19673	543313.969238
4997436.78429	543313.969238
4999441.37185	543313.969238
5001445.95941	543313.969238
5003450.54697	543313.969238
5005455.13453	543313.969238
5007459.72209	543313.969238
5009464.30965	543313.969238
5011468.8972	543313.969238
5013473.48476	543313.969238
5015478.07232	543313.969238
5017482.65988	543313.969238
5019487.24744	543313.969238
5021491.835	543313.969238
5023496.42256	543313.969238
5025501.01012	543313.969238
5027505.59768	543313.969238
5029510.18523	543313.969238
5031514.77279	543313.969238
5033519.36035	543313.969238
5035523.94791	543313.969238
5037528.53547	543313.969238
5039533.12303	543313.969238
5041537.71059	543313.969238
5043542.29815	543313.969238
5045546.88571	543313.969238
5047551.47326	543313.969238
5049556.06082	543313.969238
5051560.64838	543313.969238
5053565.23594	543313.969238
5055569.8235	543313.969238
5057574.41106	543313.969238
5059578.99862	543313.969238
5061583.58618	543313.969238
5063588.17374	543313.969238
5065592.76129	543313.969238
5067597.34885	543313.969238
5069601.93641	543313.969238
5071606.52397	543313.969238
5073611.11153	543313.969238
5075615.69909	543313.969238
5077620.28665	543313.969238
5079624.87421	543313.969238
5081629.46177	543313.969238
5083634.04932	543313.969238
5085638.63688	543313.969238
5087643.22444	543313.969238
5089647.812	543313.969238
5091652.39956	543313.969238
5093656.98712	543313.969238
5095661.57468	543313.969238
5097666.16224	543313.969238
5099670.7498	543313.969238
5101675.33735	543313.969238
5103679.92491	543313.969238
5105684.51247	543313.969238
5107689.10003	543313.969238
5109693.68759	543313.969238
5111698.27515	543313.969238
5113702.86271	543313.969238
5115707.45027	543313.969238
5117712.03783	543313.969238
5119716.62538	543313.969238
5121721.21294	543313.969238
5123725.8005	543313.969238
5125730.38806	543313.969238
5127734.97562	543313.969238
5129739.56318	543313.969238
5131744.15074	543313.969238
5133748.7383	543313.969238
5135753.32585	543313.969238
5137757.91341	543313.969238
5139762.50097	543313.969238
5141767.08853	543313.969238
5143771.67609	543313.969238
5145776.26365	543313.969238
5147780.85121	543313.969238
5149785.43877	543313.969238
5151790.02633	543313.969238
5153794.61388	543313.969238
5155799.20144	543313.969238
5157803.789	543313.969238
5159808.37656	543313.969238
5161812.96412	543313.969238
5163817.55168	543313.969238
5165822.13924	543313.969238
5167826.7268	543313.969238
5169831.31436	543313.969238
5171835.90191	543313.969238
5173840.48947	543313.969238
5175845.07703	543313.969238
5177849.66459	543313.969238
5179854.25215	543313.969238
5181858.83971	543313.969238
5183863.42727	543313.969238
5185868.01483	543313.969238
5187872.60239	543313.969238
5189877.18994	543313.969238
5191881.7775	543313.969238
5193886.36506	543313.969238
5195890.95262	543313.969238
5197895.54018	543313.969238
5199900.12774	543313.969238
5201904.7153	543313.969238
5203909.30286	543313.969238
5205913.89042	543313.969238
5207918.47797	543313.969238
5209923.06553	543313.969238
5211927.65309	543313.969238
5213932.24065	543313.969238
5215936.82821	543313.969238
5217941.41577	543313.969238
5219946.00333	543313.969238
5221950.59089	543313.969238
5223955.17845	543313.969238
5225959.766	543313.969238
5227964.35356	543313.969238
5229968.94112	543313.969238
5231973.52868	543313.969238
5233978.11624	543313.969238
5235982.7038	543313.969238
5237987.29136	543313.969238
5239991.87892	543313.969238
5241996.46648	543313.969238
5244001.05403	543313.969238
5246005.64159	543313.969238
5248010.22915	543313.969238
5250014.81671	543313.969238
5252019.40427	543313.969238
5254023.99183	543313.969238
5256028.57939	543313.969238
5258033.16695	543313.969238
5260037.75451	543313.969238
5262042.34206	543313.969238
5264046.92962	543313.969238
5266051.51718	543313.969238
5268056.10474	543313.969238
5270060.6923	543313.969238
5272065.27986	543313.969238
5274069.86742	543313.969238
5276074.45498	543313.969238
5278079.04254	543313.969238
5280083.63009	543313.969238
5282088.21765	543313.969238
5284092.80521	543313.969238
5286097.39277	543313.969238
5288101.98033	543313.969238
5290106.56789	543313.969238
5292111.15545	543313.969238
5294115.74301	543313.969238
5296120.33057	543313.969238
5298124.91812	543313.969238
5300129.50568	543313.969238
5302134.09324	543313.969238
5304138.6808	543313.969238
5306143.26836	543313.969238
5308147.85592	543313.969238
5310152.44348	543313.969238
5312157.03104	543313.969238
5314161.6186	543313.969238
5316166.20615	543313.969238
5318170.79371	543313.969238
5320175.38127	543313.969238
5322179.96883	543313.969238
5324184.55639	543313.969238
5326189.14395	543313.969238
5328193.73151	543313.969238
5330198.31907	543313.969238
5332202.90663	543313.969238
5334207.49418	543313.969238
5336212.08174	543313.969238
5338216.6693	543313.969238
5340221.25686	543313.969238
5342225.84442	543313.969238
5344230.43198	543313.969238
5346235.01954	543313.969238
5348239.6071	543313.969238
5350244.19466	543313.969238
5352248.78221	543313.969238
5354253.36977	543313.969238
5356257.95733	543313.969238
5358262.54489	543313.969238
5360267.13245	543313.969238
5362271.72001	543313.969238
5364276.30757	543313.969238
5366280.89513	543313.969238
5368285.48269	543313.969238
5370290.07024	543313.969238
5372294.6578	543313.969238
5374299.24536	543313.969238
5376303.83292	543313.969238
5378308.42048	543313.969238
5380313.00804	543313.969238
5382317.5956	543313.969238
5384322.18316	543313.969238
5386326.77072	543313.969238
5388331.35827	543313.969238
5390335.94583	543313.969238
5392340.53339	543313.969238
5394345.12095	543313.969238
5396349.70851	543313.969238
5398354.29607	543313.969238
5400358.88363	543313.969238
5402363.47119	543313.969238
5404368.05875	543313.969238
5406372.6463	543313.969238
5408377.23386	543313.969238
5410381.82142	543313.969238
5412386.40898	543313.969238
5414390.99654	543313.969238
5416395.5841	543313.969238
5418400.17166	543313.969238
5420404.75922	543313.969238
5422409.34678	543313.969238
5424413.93433	543313.969238
5426418.52189	543313.969238
5428423.10945	543313.969238
5430427.69701	543313.969238
5432432.28457	543313.969238
5434436.87213	543313.969238
5436441.45969	543313.969238
5438446.04725	543313.969238
5440450.6348	543313.969238
5442455.22236	543313.969238
5444459.80992	543313.969238
5446464.39748	543313.969238
5448468.98504	543313.969238
5450473.5726	543313.969238
5452478.16016	543313.969238
5454482.74772	543313.969238
5456487.33528	543313.969238
5458491.92283	543313.969238
5460496.51039	543313.969238
5462501.09795	543313.969238
5464505.68551	543313.969238
5466510.27307	543313.969238
5468514.86063	543313.969238
5470519.44819	543313.969238
5472524.03575	543313.969238
5474528.62331	543313.969238
5476533.21086	543313.969238
5478537.79842	543313.969238
5480542.38598	543313.969238
5482546.97354	543313.969238
5484551.5611	543313.969238
5486556.14866	543313.969238
5488560.73622	543313.969238
5490565.32378	543313.969238
5492569.91134	543313.969238
5494574.49889	543313.969238
5496579.08645	543313.969238
5498583.67401	543313.969238
5500588.26157	543313.969238
5502592.84913	543313.969238
5504597.43669	543313.969238
5506602.02425	543313.969238
5508606.61181	543313.969238
5510611.19937	543313.969238
5512615.78692	543313.969238
5514620.37448	543313.969238
5516624.96204	543313.969238
5518629.5496	543313.969238
5520634.13716	543313.969238
5522638.72472	543313.969238
5524643.31228	543313.969238
5526647.89984	543313.969238
5528652.4874	543313.969238
5530657.07495	543313.969238
5532661.66251	543313.969238
5534666.25007	543313.969238
5536670.83763	543313.969238
5538675.42519	543313.969238
5540680.01275	543313.969238
5542684.60031	543313.969238
5544689.18787	543313.969238
5546693.77543	543313.969238
5548698.36298	543313.969238
5550702.95054	543313.969238
5552707.5381	543313.969238
5554712.12566	543313.969238
5556716.71322	543313.969238
5558721.30078	543313.969238
5560725.88834	543313.969238
5562730.4759	543313.969238
5564735.06346	543313.969238
5566739.65101	543313.969238
5568744.23857	543313.969238
5570748.82613	543313.969238
5572753.41369	543313.969238
5574758.00125	543313.969238
5576762.58881	543313.969238
5578767.17637	543313.969238
5580771.76393	543313.969238
5582776.35149	543313.969238
5584780.93904	543313.969238
5586785.5266	543313.969238
5588790.11416	543313.969238
5590794.70172	543313.969238
5592799.28928	543313.969238
5594803.87684	543313.969238
5596808.4644	543313.969238
5598813.05196	543313.969238
5600817.63952	543313.969238
5602822.22707	543313.969238
5604826.81463	543313.969238
5606831.40219	543313.969238
5608835.98975	543313.969238
5610840.57731	543313.969238
5612845.16487	543313.969238
5614849.75243	543313.969238
5616854.33999	543313.969238
5618858.92755	543313.969238
5620863.5151	543313.969238
5622868.10266	543313.969238
5624872.69022	543313.969238
5626877.27778	543313.969238
5628881.86534	543313.969238
5630886.4529	543313.969238
5632891.04046	543313.969238
5634895.62802	543313.969238
5636900.21558	543313.969238
5638904.80313	543313.969238
5640909.39069	543313.969238
5642913.97825	543313.969238
5644918.56581	543313.969238
5646923.15337	543313.969238
5648927.74093	543313.969238
5650932.32849	543313.969238
5652936.91605	543313.969238
5654941.50361	543313.969238
5656946.09116	543313.969238
5658950.67872	543313.969238
5660955.26628	543313.969238
5662959.85384	543313.969238
5664964.4414	543313.969238
5666969.02896	543313.969238
5668973.61652	543313.969238
5670978.20408	543313.969238
5672982.79164	543313.969238
5674987.37919	543313.969238
5676991.96675	543313.969238
5678996.55431	543313.969238
5681001.14187	543313.969238
5683005.72943	543313.969238
5685010.31699	543313.969238
5687014.90455	543313.969238
5689019.49211	543313.969238
5691024.07967	543313.969238
5693028.66722	543313.969238
5695033.25478	543313.969238
5697037.84234	543313.969238
5699042.4299	543313.969238
5701047.01746	543313.969238
5703051.60502	543313.969238
5705056.19258	543313.969238
5707060.78014	543313.969238
5709065.3677	543313.969238
5711069.95525	543313.969238
5713074.54281	543313.969238
5715079.13037	543313.969238
5717083.71793	543313.969238
5719088.30549	543313.969238
5721092.89305	543313.969238
5723097.48061	543313.969238
5725102.06817	543313.969238
5727106.65572	543313.969238
5729111.24328	543313.969238
5731115.83084	543313.969238
5733120.4184	543313.969238
5735125.00596	543313.969238
5737129.59352	543313.969238
5739134.18108	543313.969238
5741138.76864	543313.969238
5743143.3562	543313.969238
5745147.94375	543313.969238
5747152.53131	543313.969238
5749157.11887	543313.969238
5751161.70643	543313.969238
5753166.29399	543313.969238
5755170.88155	543313.969238
5757175.46911	543313.969238
5759180.05667	543313.969238
5761184.64423	543313.969238
5763189.23178	543313.969238
5765193.81934	543313.969238
5767198.4069	543313.969238
5769202.99446	543313.969238
5771207.58202	543313.969238
5773212.16958	543313.969238
5775216.75714	543313.969238
5777221.3447	543313.969238
5779225.93226	543313.969238
5781230.51981	543313.969238
5783235.10737	543313.969238
5785239.69493	543313.969238
5787244.28249	543313.969238
5789248.87005	543313.969238
5791253.45761	543313.969238
5793258.04517	543313.969238
5795262.63273	543313.969238
5797267.22029	543313.969238
5799271.80784	543313.969238
5801276.3954	543313.969238
5803280.98296	543313.969238
5805285.57052	543313.969238
5807290.15808	543313.969238
5809294.74564	543313.969238
5811299.3332	543313.969238
5813303.92076	543313.969238
5815308.50832	543313.969238
5817313.09587	543313.969238
5819317.68343	543313.969238
5821322.27099	543313.969238
5823326.85855	543313.969238
5825331.44611	543313.969238
5827336.03367	543313.969238
5829340.62123	543313.969238
5831345.20879	543313.969238
5833349.79635	543313.969238
5835354.3839	543313.969238
5837358.97146	543313.969238
5839363.55902	543313.969238
5841368.14658	543313.969238
5843372.73414	543313.969238
5845377.3217	543313.969238
5847381.90926	543313.969238
5849386.49682	543313.969238
5851391.08438	543313.969238
5853395.67193	543313.969238
5855400.25949	543313.969238
5857404.84705	543313.969238
5859409.43461	543313.969238
5861414.02217	543313.969238
5863418.60973	543313.969238
5865423.19729	543313.969238
5867427.78485	543313.969238
5869432.37241	543313.969238
5871436.95996	543313.969238
5873441.54752	543313.969238
5875446.13508	543313.969238
5877450.72264	543313.969238
5879455.3102	543313.969238
5881459.89776	543313.969238
5883464.48532	543313.969238
5885469.07288	543313.969238
5887473.66044	543313.969238
5889478.24799	543313.969238
5891482.83555	543313.969238
5893487.42311	543313.969238
5895492.01067	543313.969238
5897496.59823	543313.969238
5899501.18579	543313.969238
5901505.77335	543313.969238
5903510.36091	543313.969238
5905514.94847	543313.969238
5907519.53602	543313.969238
5909524.12358	543313.969238
5911528.71114	543313.969238
5913533.2987	543313.969238
5915537.88626	543313.969238
5917542.47382	543313.969238
5919547.06138	543313.969238
5921551.64894	543313.969238
5923556.2365	543313.969238
5925560.82405	543313.969238
5927565.41161	543313.969238
5929569.99917	543313.969238
5931574.58673	543313.969238
5933579.17429	543313.969238
5935583.76185	543313.969238
5937588.34941	543313.969238
5939592.93697	543313.969238
5941597.52453	543313.969238
5943602.11208	543313.969238
5945606.69964	543313.969238
5947611.2872	543313.969238
5949615.87476	543313.969238
5951620.46232	543313.969238
5953625.04988	543313.969238
5955629.63744	543313.969238
5957634.225	543313.969238
5959638.81256	543313.969238
5961643.40011	543313.969238
5963647.98767	543313.969238
5965652.57523	543313.969238
5967657.16279	543313.969238
5969661.75035	543313.969238
5971666.33791	543313.969238
5973670.92547	543313.969238
5975675.51303	543313.969238
5977680.10059	543313.969238
5979684.68814	543313.969238
5981689.2757	543313.969238
5983693.86326	543313.969238
5985698.45082	543313.969238
5987703.03838	543313.969238
5989707.62594	543313.969238
5991712.2135	543313.969238
5993716.80106	543313.969238
5995721.38862	543313.969238
5997725.97617	543313.969238
5999730.56373	543313.969238
6001735.15129	543313.969238
6000000.0	543313.969238
