0.0	0.0
1108.45529329	-3.27065451037
1286.93295881	-3.88207235197
2449.7813594	-11.4652063969
2866.75348471	-14.6471734584
4364.10165374	-32.0418341396
5210.99693745	-43.7894257274
7001.79596968	-77.1669876098
8371.73832479	-107.696245368
10627.7463268	-171.51967279
12536.9798792	-235.235935487
14983.6391653	-332.822293088
17452.9526922	-447.543433177
20515.1315688	-614.769190035
23225.7943582	-791.046795216
26516.3663755	-1012.06872949
29334.6095676	-1213.40837731
32598.9217889	-1461.28351453
35539.1577675	-1701.58582853
39316.0370918	-2013.64435283
42233.9927007	-2263.85215992
46047.8718812	-2598.13899046
48906.3824	-2861.06465077
53250.303062	-3278.38110369
56023.2566313	-3555.91791278
60788.0976437	-4028.65170296
63349.2317358	-4284.14123015
67723.7687758	-4722.27663137
70074.8786237	-4960.56075865
75567.2957653	-5518.32685801
77634.4336974	-5729.90743394
83277.1899059	-6312.00171084
85044.018296	-6497.474249
91378.4587652	-7169.30635439
92807.2202849	-7320.75157512
99388.0728087	-8016.40642523
100444.479286	-8128.02907345
107808.622816	-8903.7651204
108438.8034	-8970.13068343
116312.700317	-9796.62720022
116495.034866	-9815.76478737
124368.139262	-10639.3965704
124643.490023	-10668.1986092
132624.512655	-11500.2300735
133413.893337	-11582.4966554
140712.287381	-12340.774394
142036.734965	-12478.3029539
149171.793158	-13216.9634255
151089.515965	-13415.3353436
157738.955782	-14101.2234662
160296.417309	-14364.7381499
165561.199041	-14905.9929365
168731.559799	-15231.4864069
174275.31727	-15799.3030214
178114.386714	-16191.8714064
182773.488326	-16667.3410673
187325.592431	-17130.9826266
191621.430258	-17567.7135469
196900.355496	-18103.1666065
200228.527877	-18440.2646848
206248.436538	-19048.4092284
209186.310718	-19344.8212585
216011.421659	-20031.3867006
218214.080927	-20248.6840021
225877.50162	-21004.9529726
227015.810347	-21118.8603726
235525.447133	-21959.0912538
236180.519291	-22022.1068089
245092.17096	-22806.0085919
245559.690272	-22846.9950198
254361.698371	-23625.9135606
255355.237594	-23713.372574
263689.768894	-24439.5893154
265562.4752	-24598.7389986
272470.568987	-25165.2691311
275860.505301	-25430.7239114
281918.839942	-25886.5439889
285591.059103	-26164.8620006
291132.733276	-26588.1676756
296099.017813	-26961.0757112
300717.073498	-27299.5345132
306360.190094	-27692.9569821
310047.832401	-27942.8738447
317041.742066	-28413.7750064
319744.274516	-28591.1107914
327480.900889	-29048.7710329
329504.759734	-29157.417912
338335.217197	-29624.9943964
338990.893964	-29659.2507753
348848.808782	-30115.6102154
349274.072016	-30134.9331472
358447.704973	-30538.8240246
359947.821451	-30598.2845527
368431.332937	-30906.0573482
371081.49614	-30997.0562936
378481.591017	-31236.7543206
381960.976538	-31338.4645253
387609.333805	-31486.6309623
393285.566927	-31616.8153688
397766.938324	-31701.5954138
404708.589541	-31814.4767346
407652.095375	-31855.0859004
415109.392961	-31915.8285501
417925.644327	-31924.8998393
426699.941569	-31944.3296958
427911.915622	-31945.5304433
438009.228579	-31930.2886404
438290.420409	-31929.0335224
448729.563426	-31823.3645488
449786.760367	-31808.2337433
458876.447825	-31634.2666512
461257.368361	-31583.8084642
469414.387599	-31387.1290592
473200.820152	-31266.5687442
479661.663842	-31027.3075245
485231.206146	-30827.1101927
490296.154296	-30645.6582631
496944.862607	-30390.5253964
500977.372862	-30222.0083641
509129.414484	-29825.3430767
510663.880379	-29741.8386289
521041.349127	-29168.8589428
521458.676519	-29145.1297226
531943.560028	-28507.2245198
533411.788683	-28409.087
542843.394771	-27690.6171643
545902.784602	-27449.2203349
553429.349984	-26843.6084866
557244.601793	-26523.7542424
564401.9003	-25956.5770651
569857.363996	-25556.9912745
575412.537957	-25103.4561842
582139.504561	-24465.7931563
586103.840329	-24068.9268489
594894.284683	-23186.1383824
597184.805168	-22946.9669524
607303.87343	-21817.099278
607942.698165	-21744.4470932
619095.60994	-20471.211762
620186.818965	-20341.7658081
630261.874703	-19059.7681822
633096.643436	-18674.0633399
640363.274934	-17632.4210231
645626.886429	-16875.0167088
651567.023172	-16014.1996934
658617.437255	-14946.2150989
662426.988827	-14356.5831078
671224.10804	-13008.2730372
673669.669515	-12634.5917129
684301.114976	-11006.4849227
684572.160512	-10963.7001976
695883.975604	-9107.08630755
697451.500355	-8847.94101586
707221.273397	-7199.21683193
709376.622098	-6833.1858797
718221.413312	-5326.78975729
722634.335937	-4547.71455142
729609.48894	-3286.96374223
735510.844235	-2229.95033187
740652.775738	-1300.65782408
748869.585642	228.298018107
752083.437462	841.668247249
761843.539727	2729.01713576
763540.230442	3059.84614757
774286.623618	5201.14893966
775307.005181	5405.53096878
785801.983377	7523.20366447
788821.160444	8141.80190985
796979.771235	9834.54492486
801966.305959	10875.3900818
808554.523765	12261.1906452
815586.962248	13766.5053287
819772.640567	14677.8193248
828801.027709	16694.7856575
831382.585467	17285.3217807
842494.91196	19837.0687708
843011.510143	19956.2007367
854301.852238	22600.1768445
856251.131337	23057.8104859
865988.712064	25340.8339676
869168.31696	26090.6278233
877326.165988	28056.3344878
883027.4552	29482.5162649
889064.663645	31033.1109605
896455.439165	32937.7522278
900773.777915	34061.5784877
910322.791269	36581.5063774
911347.66261	36852.4848783
923084.129299	40006.4720709
923794.168787	40197.5992108
934464.560031	43113.9147997
937761.232265	44019.5078047
946240.599959	46376.8928264
951771.771128	47926.4316815
957661.767538	49589.8493851
965393.694531	51795.5656633
969496.150421	52985.2559349
979525.700407	55939.0121791
981356.782293	56480.655245
992865.991157	59935.0735685
993262.366157	60055.4339706
1004799.64845	63566.2417623
1007531.77398	64401.9081478
1016373.9664	67134.9470747
1021856.95593	68846.6889841
1028359.43254	70896.2285811
1034845.98833	72940.6529664
1040378.76471	74667.9682967
1049290.76846	77430.3675591
1051252.6102	78043.0825014
1063319.6715	81877.957106
1063324.8409	81879.6211503
1074927.32761	85672.2499381
1077756.80398	86604.461688
1086928.68408	89625.7157652
1091755.59652	91215.0255341
1098562.40219	93476.227138
1106271.64787	96055.6968629
1110597.58126	97498.5233881
1120824.67189	100901.770669
1122641.96252	101505.477019
1134320.62781	105456.147261
1134953.42682	105674.729163
1146365.45199	109648.415352
1149541.0934	110762.791177
1158019.56304	113755.623748
1163683.76554	115775.02486
1170059.92359	118070.300734
1178325.05936	121050.815572
1182104.76372	122415.570627
1193001.73853	126394.17486
1193014.4821	126398.881119
1204971.75939	130851.786821
1206195.24219	131309.960688
1216564.31548	135205.098367
1220818.34877	136798.073373
1228546.86073	139699.75667
1235005.78581	142126.714261
1240163.28931	144060.552959
1249746.25851	147672.139005
1252222.3453	148606.318955
1263942.97253	153054.380412
1264164.44045	153139.305157
1275618.63349	157572.77001
1278457.58677	158669.39419
1287394.9868	162117.712639
1292911.51419	164266.089637
1298722.08846	166546.855903
1306843.92361	169742.907509
1310392.82522	171142.801752
1321216.37929	175425.689579
1322008.09069	175740.48469
1332857.22488	180087.892385
1335086.20524	180973.384802
1344298.76235	184612.951115
1349260.99525	186564.337814
1355373.14271	188951.386976
1363479.63925	192075.97343
1366818.8139	193346.993894
1376335.72886	196972.781196
1377895.63464	197566.712347
1389252.85122	201961.523952
1390489.12587	202434.987282
1400551.35816	206262.617421
1404107.01693	207583.269898
1411443.94987	210313.239357
1418138.8544	212808.443287
1422635.32383	214486.171984
1431637.8011	217852.89858
1433392.47194	218509.402678
1444448.05867	222657.825147
1445546.49231	223070.113852
1455445.61954	226795.611579
1459372.29142	228274.988343
1465324.96961	230521.371314
1472657.07461	233294.048045
1476177.617	234626.701335
1486264.854	238456.348047
1486579.17024	238575.690102
1497254.4353	242641.980997
1499337.02175	243435.757274
1507532.80803	246567.513216
1512767.11835	248570.93685
1518083.09989	250609.080795
1526099.0209	253690.427952
1528540.10389	254629.54518
1538445.8365	258453.176913
1538555.47103	258495.497635
1548801.99061	262464.949874
1551488.3118	263501.547187
1558646.56622	266281.36034
1563977.81909	268357.92174
1568701.53418	270198.80589
1576756.95729	273334.497941
1578697.1005	274087.228423
1587726.25252	277627.636103
1589129.86539	278180.408872
1597743.4668	281561.574259
1601972.75736	283213.089321
1607471.01983	285353.259777
1614895.90603	288242.607397
1617547.77225	289274.495217
1627317.87404	293109.157599
1627450.11367	293160.797102
1637513.05687	297060.901232
1640551.52053	298244.452583
1647648.36189	301029.582198
1653140.94755	303193.382391
1657389.35134	304871.475886
1666052.98615	308310.462274
1667389.92715	308843.514941
1677048.47112	312720.950496
1678922.68675	313472.571773
1686976.64336	316694.733809
1690485.19308	318108.619845
1696833.7483	320687.320001
1703218.44051	323283.44659
1705730.10875	324304.48974
1715559.71109	328304.476134
1715574.28791	328310.425475
1725105.27285	332228.709733
1728342.9341	333553.411841
1735045.24744	336278.612618
1740859.52448	338645.991417
1744688.98902	340211.340557
1753801.83996	343952.682614
1754642.02245	344297.842127
1764589.76419	348408.803702
1766733.02942	349297.675034
1774188.18661	352400.68291
1779170.39328	354504.980354
1783957.1478	356545.69608
1791838.90433	359898.917869
1793372.35277	360551.166512
1803122.65752	364705.635377
1804144.04764	365140.699638
1812849.38949	368868.293254
1816846.83297	370585.187648
1821948.12256	372773.286106
1829528.97539	376040.507423
1831604.07152	376945.347668
1840910.79333	381026.455009
1840911.6668	381026.83835
1850550.312	385269.166387
1853548.75276	386588.122712
1859864.07768	389368.238445
1865774.86433	391966.290717
1869471.43476	393590.588008
1878369.55501	397511.212406
1879029.81423	397804.458799
1888258.2399	401940.059252
1890526.80374	402953.071814
1897821.43337	406186.145166
1903149.28017	408532.21442
1907088.02768	410266.168311
1915768.96629	414101.841084
1916625.02357	414481.328866
1926144.62712	418725.518038
1927949.08426	419532.956031
1934681.87946	422527.590491
1940422.0974	425096.842974
1944069.55806	426735.43032
1952463.66501	430512.847048
1953137.7244	430818.26912
1962450.60164	435049.589126
1964851.38535	436136.321215
1971541.96613	439153.6314
1977328.68393	441786.010626
1980849.7665	443401.898418
1988455.47684	446907.497745
1990077.7843	447658.4302
1998994.34828	451786.164802
2000748.68624	452599.105727
2008207.9518	456059.324251
2012654.48102	458126.156528
2017109.57321	460202.63691
2024932.63564	463857.907641
2026277.18337	464487.765589
2035435.94627	468800.709599
2036806.3463	469439.360436
2043781.24058	472653.14623
2049159.21754	475145.896866
2052929.90034	476905.456267
2061345.02433	480859.201731
2061701.93054	481027.78912
2070735.72803	485314.044581
2073064.8841	486427.050278
2079338.66027	489443.388978
2084628.78552	492137.696607
2087431.73824	493658.345785
2094565.29724	497543.63295
2095006.47703	497784.383515
2102238.96984	501744.028573
2104665.99148	503058.016499
2109743.5764	505778.135318
2114826.52541	508492.224559
2116956.36037	509625.445222
2124178.8077	513473.551812
2124275.53604	513525.04733
2131515.56537	517398.444985
2134032.56925	518743.994217
2137960.77424	520837.67168
2143399.35996	523723.17212
2144982.73268	524559.593917
2151740.50952	528146.775559
2152972.86647	528797.348614
2158584.65622	531744.825247
2162050.66056	533554.64203
2165132.61157	535153.021132
2171339.15522	538342.248366
2171843.11195	538598.828596
2178541.34474	542028.452626
2180607.14222	543080.384089
2185004.75089	545305.572961
2189561.51702	547596.402578
2191656.80065	548635.397635
2198092.24622	551841.377538
2198807.73465	552196.444074
2204688.17269	555089.793031
2207689.74063	556560.967182
2211253.37266	558293.706481
2216853.72469	560986.737787
2217393.3868	561245.284487
2223973.78171	564420.585826
2226055.62627	565418.076896
2230330.85238	567455.582207
2234348.13733	569379.494062
2236857.48964	570587.42116
2243149.03701	573619.372086
2243477.27986	573777.564388
2249652.28728	576756.813106
2252321.11186	578045.05392
2256153.06314	579896.010192
2261464.2425	582463.941912
2262436.96438	582934.33137
2268927.03502	586076.504363
2270318.43939	586750.324551
2275207.7232	589120.189726
2279474.21954	591189.803909
2281692.9471	592266.514611
2288636.10913	595640.234146
2297501.58623	599955.122537
2306665.18773	604422.773931
2315532.93218	608753.427117
2324698.71286	613237.443945
2333868.8991	617731.514882
2342176.38992	621803.669292
2351368.12076	626317.19494
2357687.3229	629424.349271
2360269.80831	630694.647511
2364125.31755	632591.462695
2369480.80762	635228.104558
2369934.62782	635451.873537
2376370.68069	638621.944949
2378404.26015	639625.450095
2382583.73143	641688.753313
2387609.71307	644163.960947
2388994.9469	644844.445457
2395201.95578	647909.006666
2396822.51568	648707.67465
2401600.35388	651058.090547
2405720.12557	653087.685702
2407984.54543	654204.761202
2414161.61897	657267.588133
2414911.26693	657641.280172
2420541.98371	660462.871039
2423806.72578	662090.62595
2426700.27137	663526.064855
2432985.21066	666651.500814
2433056.64688	666687.11092
2439418.62507	669873.855628
2442117.99746	671254.886374
2444973.49377	672748.163306
2450096.57622	675414.139931
2451096.42589	675931.86211
2457055.48424	679032.784903
2459014.09363	680050.904994
2463207.69632	682228.298828
2467635.03248	684534.512888
2469136.47858	685319.228642
2475253.5302	688532.301485
2476509.91629	689195.276018
2481296.87933	691732.781548
2484982.30893	693689.841577
2487095.09046	694813.863971
2493071.86573	698009.168324
2493686.18083	698337.650608
2498829.79121	701092.054588
2502341.49717	702974.486175
2504751.11316	704267.057082
2510629.4075	707425.798935
2510658.34052	707441.34643
2516118.44871	710380.231766
2519235.13894	712059.376153
2521967.34006	713532.612419
2527510.41254	716526.686733
2527593.73217	716571.692762
2533382.66964	719704.421144
2536015.1098	721130.195284
2538965.95161	722729.955641
2544478.30995	725723.855421
2544695.91704	725842.051827
2550395.93898	728944.051529
2552344.93476	730005.415478
2555892.75994	731939.813165
2560709.88783	734570.702423
2561536.1609	735016.659424
2566966.97051	737982.987901
2568757.7365	738957.200644
2572553.8544	741019.474061
2577011.32673	743457.422337
2578101.96274	744055.119643
2583078.59676	746813.706448
2584930.94649	747843.753494
2588562.72297	749874.538919
2593046.61307	752384.080988
2593831.67499	752821.636995
2599237.27352	755872.236784
2601092.65836	756920.415163
2604458.15928	758819.944308
2608874.77653	761301.75491
2609857.73998	761851.657294
2615264.60944	764891.50902
2616938.20768	765830.711899
2620499.35971	767825.543673
2624755.80987	770204.021831
2625912.7312	770848.83338
2631158.80898	773785.218622
2632854.71274	774733.622735
2632926.43022	774773.727956
2637293.75495	777210.395292
2638573.92078	777924.15988
2642162.54982	779921.252655
2645653.14806	781860.226354
2647545.71576	782910.471342
2653050.36511	785956.321426
2653960.41103	786459.629112
2658440.22254	788931.366516
2662199.87159	791001.633071
2664031.15743	792009.061083
2669457.07096	794985.396341
2670771.89144	795706.126056
2675071.66791	798057.708047
2679092.84819	800252.225605
2680692.17246	801124.29751
2685956.93924	803987.002041
2687714.47411	804941.761772
2691585.25107	807040.173022
2696336.37766	809609.300679
2697032.99006	809985.846938
2702659.58322	813018.086158
2704669.53064	814100.103747
2708100.50044	815943.702538
2713260.0849	818708.47489
2713721.85761	818955.855104
2719346.10388	821959.752592
2721579.88857	823151.375097
2724788.0622	824859.827534
2730170.65175	827717.893664
2730412.25845	827846.166053
2735854.77523	830728.232826
2738778.22011	832265.465595
2741524.51403	833699.583291
2746553.19896	836353.050065
2747129.08062	836660.806271
2752131.78794	839327.824386
2755059.37111	840859.523287
2757814.38332	842274.68042
2763362.57771	845117.170749
2763528.18312	845202.77137
2768994.55994	848046.485436
2772142.51563	849671.807488
2774492.29357	850876.416123
2780195.43135	853792.172037
2780580.14429	853985.142661
2786115.7228	856703.815139
2789637.55956	858433.589129
2791836.75833	859514.466829
2797738.53954	862407.167386
2798656.75126	862855.486733
2803480.49909	865197.414482
2807419.89685	867108.510662
2809406.22104	868072.251356
2815324.95577	870936.031775
2816444.34232	871479.537625
2820631.27179	873516.629063
2825088.50829	875689.695173
2826470.38995	876365.794307
2832102.70699	879131.078206
2833953.4748	880043.190797
2837868.16114	881979.71036
2842704.65726	884374.949428
2843403.95846	884721.687354
2849099.69576	887555.795087
2850835.6238	888420.159313
2854804.06045	890397.384275
2859539.15566	892747.577648
2860316.40822	893131.892069
2866007.03629	895955.360914
2867937.91497	896914.247012
2871460.59334	898665.321821
2876491.4357	901170.742321
2877038.27958	901443.591551
2882580.17889	904218.159736
2884685.24539	905274.26263
2887578.58765	906729.152029
2893111.34747	909521.131692
2893144.78231	909537.929108
2898503.10164	912218.217869
2901672.61709	913799.533933
2904088.47803	915001.845811
2909500.40035	917705.763193
2909955.00929	917933.09579
2915083.70776	920499.792197
2918491.90316	922208.870001
2920640.64814	923288.329292
2926009.21907	925994.160048
2926715.46365	926358.647138
2931521.51107	928897.160076
2935143.57608	930776.909358
2936816.74391	931629.662783
2942270.66884	934417.541338
2943506.61557	935046.20759
2947702.80585	937169.813718
2950985.33847	938833.690848
2952674.15462	939691.278198
2957932.72698	942370.212605
2959061.49825	942949.412983
2963011.09371	944990.800433
2966861.13945	947017.36442
2968243.41012	947758.143836
2973302.25258	950477.967396
2974900.73754	951314.188937
2978492.49288	953140.572329
2982605.69333	955267.253795
2983640.42578	955811.175705
2988602.59013	958428.388048
2990502.01138	959405.097509
2993686.50164	960999.913138
2998308.62499	963296.586638
2998569.40771	963425.178594
3003593.24866	965912.707285
3005808.88131	967012.426425
3008588.49328	968394.995474
3013094.30657	970643.818581
3013518.11	970854.211382
3018042.73098	973088.000903
3020910.16656	974500.544501
3022801.7948	975430.335252
3027711.15008	977851.317136
3028511.16538	978244.456701
3032405.92128	980151.740577
3035970.26375	981907.937884
3037159.15746	982497.424765
3041855.74381	984834.272135
3042537.24952	985172.309037
3046305.63296	987035.647924
3049634.99747	988670.986635
3050856.64472	989266.940877
3055245.26911	991415.890908
3056444.28377	992003.749245
3059694.29941	993599.226872
3063319.02274	995377.605733
3064096.49111	995758.743671
3068055.90419	997706.909862
3069915.23921	998619.829654
3072404.9082	999838.511983
3076606.26844	1001901.70889
3076684.26854	1001939.85122
3080930.41272	1004007.09803
3083436.50612	1005223.7365
3085122.61625	1006039.97329
3089460.36015	1008146.50495
3089994.3638	1008404.30463
3093774.48425	1010220.40582
3096729.81227	1011637.50757
3097929.15844	1012211.83412
3102214.4622	1014273.48616
3103217.73926	1014754.30021
3106321.03491	1016236.06037
3109840.05288	1017912.13349
3110529.95728	1018239.88617
3114721.71559	1020237.95443
3116409.14919	1021040.42582
3118479.45782	1022023.26382
3122302.90822	1023824.31704
3122634.53951	1023979.29207
3126664.11011	1025868.90705
3128842.23172	1026888.69592
3130793.74409	1027801.40115
3134778.08047	1029672.74062
3135109.57512	1029827.53863
3138886.40959	1031580.91759
3141567.38269	1032819.29643
3142968.60375	1033463.21126
3146909.37881	1035280.32988
3147778.22654	1035679.9561
3150956.19493	1037138.41015
3154149.65349	1038592.23206
3154851.79366	1038909.4817
3158867.84691	1040732.23986
3160489.85501	1041464.22844
3162859.83508	1042526.84512
3166589.74834	1044204.61062
3166594.28031	1044206.63367
3170551.82105	1045959.82133
3172862.78919	1046979.14081
3174374.04977	1047642.9199
3178320.31813	1049383.42122
3178913.96399	1049643.91916
3182112.62982	1051040.39991
3185116.06551	1052340.57958
3186009.90577	1052724.19893
3189897.5132	1054399.947
3191284.57724	1054993.64659
3193637.81007	1055993.80255
3197022.43687	1057427.83395
3197496.4798	1057628.03635
3201231.80542	1059212.46744
3203159.56465	1060025.67608
3205088.28654	1060834.84025
3208944.8671	1062459.70066
3209099.71279	1062524.78706
3212416.66816	1063916.04215
3215217.62579	1065085.50376
3216253.41291	1065515.95504
3219964.52548	1067065.14311
3221132.16811	1067552.50447
3223794.59595	1068663.55972
3227217.09208	1070064.62129
3227472.30431	1070167.05
3231249.80859	1071690.59614
3233242.36834	1072490.94903
3235013.00114	1073199.14643
3238650.91994	1074661.30593
3239055.7363	1074823.65432
3242433.69493	1076175.29435
3245104.1638	1077241.69843
3246093.67188	1077636.95761
3249876.49358	1079145.76389
3250960.80875	1079578.06676
3253661.84171	1080653.79186
3257022.81514	1081990.5786
3257082.13	1082014.16982
3260872.49857	1083519.4588
3263095.51813	1084401.52472
3264542.0601	1084975.16673
3268336.30159	1086477.56216
3268589.57626	1086577.84061
3272011.41583	1087930.81011
3274682.85333	1088985.96038
3275810.63852	1089431.20816
3279612.78758	1090930.03089
3280590.44653	1091315.27868
3283295.0464	1092379.88684
3286706.26038	1093720.82092
3287101.77392	1093876.27122
3290789.03948	1095323.36921
3292635.44998	1096047.47609
3294601.24602	1096817.79921
3298415.59425	1098310.23149
3298773.26475	1098450.15654
3301863.71868	1099657.68976
3304921.74456	1100851.09392
3305682.71524	1101147.97481
3309381.71023	1102588.94712
3310883.08917	1103173.46963
3313205.54833	1104076.8176
3316907.29955	1105514.52264
3317050.25603	1105570.04162
3320735.63701	1106999.19128
3323027.92443	1107887.2966
3324565.31598	1108482.56319
3328273.24275	1109916.10499
3329212.54943	1110279.11817
3332106.59826	1111396.27601
3335404.20629	1112667.52393
3335817.3791	1112826.778
3339653.76002	1114303.19113
3341002.00505	1114821.77429
3343491.65262	1115778.41817
3347083.00708	1117156.38732
3347206.09487	1117203.6126
3350924.22206	1118628.00469
3353216.4341	1119505.3213
3354642.60956	1120050.85699
3358486.63904	1121518.96793
3359433.88195	1121880.59949
3362208.35832	1122938.62447
3365449.793	1124176.53331
3366045.08924	1124404.20835
3369876.29965	1125875.52653
3371647.99403	1126550.00558
3373571.82903	1127276.08688
3377387.23848	1128722.32606
3377825.99756	1128889.27322
3381057.32182	1130123.57862
3383766.25269	1131160.10932
3384841.74671	1131572.29098
3388624.89992	1133027.79911
3389891.90569	1133513.18691
3391995.759	1134315.81414
3395715.76301	1135740.80939
3395729.28469	1135746.00807
3399286.59673	1137118.6773
3401706.85375	1138052.14916
3402958.83813	1138534.7511
3406505.39658	1139907.2452
3407662.28997	1140349.28246
3410204.57996	1141308.29277
3413097.90384	1142394.60335
3413909.66558	1142697.90918
3417495.89592	1144043.13593
3419116.71356	1144649.3397
3421193.75924	1145423.824
3424770.7607	1146762.82076
3424931.26343	1146822.78662
3428450.1777	1148134.92558
3430908.99482	1149053.7409
3432117.58713	1149506.25301
3435425.76158	1150749.48847
3436673.73724	1151219.99796
3439074.02048	1152127.79151
3442602.18336	1153467.16357
3442609.77972	1153470.01113
3446262.44708	1154821.77209
3448573.27305	1155678.41482
3449806.72426	1156136.46393
3453471.20711	1157502.37449
3454351.94168	1157831.64075
3457127.46256	1158872.29467
3460295.97479	1160040.71169
3460644.17175	1160166.94163
3464262.71729	1161483.63045
3466004.07022	1162125.54593
3467745.76776	1162775.96916
3471338.92115	1164122.79225
3471867.16659	1164319.57237
3474906.27077	1165444.35964
3477654.26958	1166463.1104
3478072.46322	1166618.43277
3481529.60038	1167907.18817
3482923.31977	1168426.04791
3484826.81966	1169133.76601
3488221.42622	1170400.55469
3488469.77737	1170492.82545
3491450.21815	1171595.39313
3493709.26226	1172436.03572
3494708.00483	1172809.89833
3497926.11744	1174019.14477
3498958.0753	1174409.8279
3500950.55292	1175170.03307
3503810.13027	1176276.15294
3503975.47033	1176341.0265
3506834.35535	1177467.1519
3508602.78824	1178163.064
3509675.134	1178584.59446
3512467.06476	1179686.27202
3513164.9879	1179965.31997
3514949.10147	1180688.63929
3517327.41255	1181642.99318
3517558.15682	1181734.60386
3520069.38064	1182735.61147
3521575.74779	1183326.08806
3522616.20318	1183726.80752
3525062.79898	1184673.02094
3525597.87024	1184878.83306
3527531.34024	1185618.34489
3529615.43163	1186424.2034
3529936.41042	1186549.70831
3532222.37203	1187447.42034
3533509.0094	1187942.87321
3534577.32411	1188346.02779
3536855.04197	1189209.4378
3537022.37697	1189272.33309
3539223.3936	1190101.28386
3540936.30836	1190749.98122
3541586.31937	1190997.09597
3543715.10818	1191812.19796
3544715.06092	1192190.75698
3546067.9371	1192697.27067
3548337.13857	1193553.29111
3548607.94373	1193654.81192
3550677.54428	1194427.68065
3552363.40815	1195052.40163
3552936.90313	1195262.95864
3555264.65141	1196124.37578
3556232.87154	1196483.23096
3557588.56242	1196986.67809
3559829.8577	1197825.27923
3560091.66243	1197921.79664
3562142.71288	1198668.50123
3563818.59545	1199274.08952
3564375.96759	1199473.66911
3566678.13997	1200304.43442
3567664.5512	1200658.46296
3568976.8129	1201126.98718
3571046.5659	1201871.35501
3571378.83037	1201990.6074
3573334.51924	1202692.71969
3575207.0064	1203364.96271
3575542.40284	1203485.1026
3577817.99756	1204306.56104
3579024.75549	1204744.33373
3580015.91956	1205105.57144
3582278.94874	1205936.77052
3582462.40452	1206002.59858
3584537.30679	1206731.59293
3586256.08254	1207332.32396
3586716.85166	1207492.21775
3588961.91126	1208277.4805
3589914.87206	1208608.90248
3591130.27172	1209029.36487
3593370.08591	1209807.68578
3593689.92906	1209917.02739
3595606.09048	1210561.12008
3597334.5764	1211141.15916
3597617.63115	1211236.00682
3599839.93629	1211984.0668
3601099.17589	1212404.7465
3602018.84767	1212709.70964
3604283.41283	1213464.01614
3604935.01053	1213674.2253
3606518.87655	1214169.00621
3608737.25879	1214862.80514
3608842.17755	1214895.65622
3611170.91549	1215628.23899
3612688.38139	1216095.75232
3613440.60035	1216322.67116
3615795.43837	1217036.34753
3616552.48676	1217262.10661
3618085.09091	1217711.74761
3620453.73732	1218409.90162
3620569.74331	1218443.56552
3622813.48168	1219084.29349
3624572.21465	1219583.32489
3625017.33523	1219708.83486
3627371.78967	1220375.87916
3628182.8904	1220605.02073
3629646.12523	1221017.2466
3631995.77549	1221682.37428
3632175.94829	1221733.52711
3634263.98108	1222328.12929
3636030.12292	1222817.50878
3636603.21272	1222971.89001
3638940.7553	1223604.72401
3640009.23948	1223892.00537
3641208.71795	1224212.30378
3643554.95649	1224841.88672
3643874.03005	1224927.93208
3645789.61522	1225447.13724
3647800.70505	1225979.41893
3648093.4823	1226055.03942
3650396.84716	1226652.83863
3651725.08602	1226998.59282
3652473.17407	1227193.99456
3654770.58824	1227797.345
3655516.05164	1227989.26733
3656987.23946	1228360.34813
3659276.75482	1228940.84985
3659423.59393	1228978.09351
3661480.09071	1229499.89902
3663181.20216	1229925.39906
3663748.58307	1230065.37832
3666013.21126	1230627.58461
3667047.59416	1230884.05515
3668193.3798	1231167.73426
3670443.03398	1231727.49937
3670893.15301	1231840.22411
3672609.9431	1232272.98133
3674469.80139	1232729.02242
3674840.49755	1232817.32503
3677066.7004	1233350.0169
3678273.64404	1233638.6134
3679060.91189	1233826.8019
3681261.48539	1234355.60809
3681914.16879	1234514.8862
3683351.38418	1234871.16213
3685476.02511	1235407.5816
3685574.47343	1235431.89019
3687508.76865	1235904.16151
3689044.25154	1236276.22942
3689586.2769	1236405.72061
3691632.12162	1236904.01696
3692558.26528	1237127.74561
3693593.67437	1237376.009
3695587.21877	1237863.65608
3695998.0383	1237963.60525
3697496.64843	1238329.09771
3699254.77357	1238757.75017
3699440.50437	1238802.49208
3701356.41022	1239273.60772
3702548.28628	1239559.21116
3703069.64245	1239680.21402
3704934.84447	1240122.53005
3705666.69079	1240295.1426
3706721.4588	1240543.26173
3708534.01228	1240979.18659
3708814.62616	1241046.90428
3710267.44492	1241402.3793
3711885.45488	1241792.1733
3712029.47846	1241825.8539
3713762.8773	1242240.79713
3714593.93556	1242439.75446
3715421.30707	1242637.87608
3717100.67684	1243049.76736
3717518.56226	1243152.69555
3718705.73	1243448.7078
3727373.88524	1245610.0537
3735078.91212	1247531.25005
3741820.81064	1249212.29686
3747599.5808	1250653.19413
3752415.2226	1251853.94185
3756267.73604	1252814.54003
3759157.12112	1253534.98866
3761083.37784	1254015.28775
3762046.50621	1254255.4373
3762046.50621	1254255.4373
3765742.03322	1254255.4373
3769437.56024	1254255.4373
3773133.08726	1254255.4373
3776828.61428	1254255.4373
3780524.1413	1254255.4373
3784219.66832	1254255.4373
3787915.19534	1254255.4373
3791610.72236	1254255.4373
3795306.24938	1254255.4373
3799001.7764	1254255.4373
3802697.30342	1254255.4373
3806392.83044	1254255.4373
3810088.35746	1254255.4373
3813783.88448	1254255.4373
3817479.4115	1254255.4373
3821174.93852	1254255.4373
3824870.46554	1254255.4373
3828565.99256	1254255.4373
3832261.51958	1254255.4373
3835957.0466	1254255.4373
3839652.57362	1254255.4373
3843348.10064	1254255.4373
3847043.62766	1254255.4373
3850739.15468	1254255.4373
3854434.6817	1254255.4373
3858130.20872	1254255.4373
3861825.73574	1254255.4373
3865521.26276	1254255.4373
3869216.78978	1254255.4373
3872912.3168	1254255.4373
3876607.84382	1254255.4373
3880303.37084	1254255.4373
3883998.89786	1254255.4373
3887694.42488	1254255.4373
3891389.9519	1254255.4373
3895085.47892	1254255.4373
3898781.00594	1254255.4373
3902476.53296	1254255.4373
3906172.05998	1254255.4373
3909867.587	1254255.4373
3913563.11402	1254255.4373
3917258.64104	1254255.4373
3920954.16806	1254255.4373
3924649.69508	1254255.4373
3928345.2221	1254255.4373
3932040.74912	1254255.4373
3935736.27614	1254255.4373
3939431.80316	1254255.4373
3943127.33018	1254255.4373
3946822.8572	1254255.4373
3950518.38422	1254255.4373
3954213.91124	1254255.4373
3957909.43826	1254255.4373
3961604.96528	1254255.4373
3965300.4923	1254255.4373
3968996.01932	1254255.4373
3972691.54634	1254255.4373
3976387.07336	1254255.4373
3980082.60038	1254255.4373
3983778.1274	1254255.4373
3987473.65442	1254255.4373
3991169.18144	1254255.4373
3994864.70846	1254255.4373
3998560.23548	1254255.4373
4002255.7625	1254255.4373
4005951.28952	1254255.4373
4009646.81653	1254255.4373
4013342.34355	1254255.4373
4017037.87057	1254255.4373
4020733.39759	1254255.4373
4024428.92461	1254255.4373
4028124.45163	1254255.4373
4031819.97865	1254255.4373
4035515.50567	1254255.4373
4039211.03269	1254255.4373
4042906.55971	1254255.4373
4046602.08673	1254255.4373
4050297.61375	1254255.4373
4053993.14077	1254255.4373
4057688.66779	1254255.4373
4061384.19481	1254255.4373
4065079.72183	1254255.4373
4068775.24885	1254255.4373
4072470.77587	1254255.4373
4076166.30289	1254255.4373
4079861.82991	1254255.4373
4083557.35693	1254255.4373
4087252.88395	1254255.4373
4090948.41097	1254255.4373
4094643.93799	1254255.4373
4098339.46501	1254255.4373
4102034.99203	1254255.4373
4105730.51905	1254255.4373
4109426.04607	1254255.4373
4113121.57309	1254255.4373
4116817.10011	1254255.4373
4120512.62713	1254255.4373
4124208.15415	1254255.4373
4127903.68117	1254255.4373
4131599.20819	1254255.4373
4135294.73521	1254255.4373
4138990.26223	1254255.4373
4142685.78925	1254255.4373
4146381.31627	1254255.4373
4150076.84329	1254255.4373
4153772.37031	1254255.4373
4157467.89733	1254255.4373
4161163.42435	1254255.4373
4164858.95137	1254255.4373
4168554.47839	1254255.4373
4172250.00541	1254255.4373
4175945.53243	1254255.4373
4179641.05945	1254255.4373
4183336.58647	1254255.4373
4187032.11349	1254255.4373
4190727.64051	1254255.4373
4194423.16753	1254255.4373
4198118.69455	1254255.4373
4201814.22157	1254255.4373
4205509.74859	1254255.4373
4209205.27561	1254255.4373
4212900.80263	1254255.4373
4216596.32965	1254255.4373
4220291.85667	1254255.4373
4223987.38369	1254255.4373
4227682.91071	1254255.4373
4231378.43773	1254255.4373
4235073.96475	1254255.4373
4238769.49177	1254255.4373
4242465.01879	1254255.4373
4246160.54581	1254255.4373
4249856.07283	1254255.4373
4253551.59984	1254255.4373
4257247.12686	1254255.4373
4260942.65388	1254255.4373
4264638.1809	1254255.4373
4268333.70792	1254255.4373
4272029.23494	1254255.4373
4275724.76196	1254255.4373
4279420.28898	1254255.4373
4283115.816	1254255.4373
4286811.34302	1254255.4373
4290506.87004	1254255.4373
4294202.39706	1254255.4373
4297897.92408	1254255.4373
4301593.4511	1254255.4373
4305288.97812	1254255.4373
4308984.50514	1254255.4373
4312680.03216	1254255.4373
4316375.55918	1254255.4373
4320071.0862	1254255.4373
4323766.61322	1254255.4373
4327462.14024	1254255.4373
4331157.66726	1254255.4373
4334853.19428	1254255.4373
4338548.7213	1254255.4373
4342244.24832	1254255.4373
4345939.77534	1254255.4373
4349635.30236	1254255.4373
4353330.82938	1254255.4373
4357026.3564	1254255.4373
4360721.88342	1254255.4373
4364417.41044	1254255.4373
4368112.93746	1254255.4373
4371808.46448	1254255.4373
4375503.9915	1254255.4373
4379199.51852	1254255.4373
4382895.04554	1254255.4373
4386590.57256	1254255.4373
4390286.09958	1254255.4373
4393981.6266	1254255.4373
4397677.15362	1254255.4373
4401372.68064	1254255.4373
4405068.20766	1254255.4373
4408763.73468	1254255.4373
4412459.2617	1254255.4373
4416154.78872	1254255.4373
4419850.31574	1254255.4373
4423545.84276	1254255.4373
4427241.36978	1254255.4373
4430936.8968	1254255.4373
4434632.42382	1254255.4373
4438327.95084	1254255.4373
4442023.47786	1254255.4373
4445719.00488	1254255.4373
4449414.5319	1254255.4373
4453110.05892	1254255.4373
4456805.58594	1254255.4373
4460501.11296	1254255.4373
4464196.63998	1254255.4373
4467892.167	1254255.4373
4471587.69402	1254255.4373
4475283.22104	1254255.4373
4478978.74806	1254255.4373
4482674.27508	1254255.4373
4486369.8021	1254255.4373
4490065.32912	1254255.4373
4493760.85614	1254255.4373
4497456.38315	1254255.4373
4501151.91017	1254255.4373
4504847.43719	1254255.4373
4508542.96421	1254255.4373
4512238.49123	1254255.4373
4515934.01825	1254255.4373
4519629.54527	1254255.4373
4523325.07229	1254255.4373
4527020.59931	1254255.4373
4530716.12633	1254255.4373
4534411.65335	1254255.4373
4538107.18037	1254255.4373
4541802.70739	1254255.4373
4545498.23441	1254255.4373
4549193.76143	1254255.4373
4552889.28845	1254255.4373
4556584.81547	1254255.4373
4560280.34249	1254255.4373
4563975.86951	1254255.4373
4567671.39653	1254255.4373
4571366.92355	1254255.4373
4575062.45057	1254255.4373
4578757.97759	1254255.4373
4582453.50461	1254255.4373
4586149.03163	1254255.4373
4589844.55865	1254255.4373
4593540.08567	1254255.4373
4597235.61269	1254255.4373
4600931.13971	1254255.4373
4604626.66673	1254255.4373
4608322.19375	1254255.4373
4612017.72077	1254255.4373
4615713.24779	1254255.4373
4619408.77481	1254255.4373
4623104.30183	1254255.4373
4626799.82885	1254255.4373
4630495.35587	1254255.4373
4634190.88289	1254255.4373
4637886.40991	1254255.4373
4641581.93693	1254255.4373
4645277.46395	1254255.4373
4648972.99097	1254255.4373
4652668.51799	1254255.4373
4656364.04501	1254255.4373
4660059.57203	1254255.4373
4663755.09905	1254255.4373
4667450.62607	1254255.4373
4671146.15309	1254255.4373
4674841.68011	1254255.4373
4678537.20713	1254255.4373
4682232.73415	1254255.4373
4685928.26117	1254255.4373
4689623.78819	1254255.4373
4693319.31521	1254255.4373
4697014.84223	1254255.4373
4700710.36925	1254255.4373
4704405.89627	1254255.4373
4708101.42329	1254255.4373
4711796.95031	1254255.4373
4715492.47733	1254255.4373
4719188.00435	1254255.4373
4722883.53137	1254255.4373
4726579.05839	1254255.4373
4730274.58541	1254255.4373
4733970.11243	1254255.4373
4737665.63944	1254255.4373
4741361.16646	1254255.4373
4745056.69348	1254255.4373
4748752.2205	1254255.4373
4752447.74752	1254255.4373
4756143.27454	1254255.4373
4759838.80156	1254255.4373
4763534.32858	1254255.4373
4767229.8556	1254255.4373
4770925.38262	1254255.4373
4774620.90964	1254255.4373
4778316.43666	1254255.4373
4782011.96368	1254255.4373
4785707.4907	1254255.4373
4789403.01772	1254255.4373
4793098.54474	1254255.4373
4796794.07176	1254255.4373
4800489.59878	1254255.4373
4804185.1258	1254255.4373
4807880.65282	1254255.4373
4811576.17984	1254255.4373
4815271.70686	1254255.4373
4818967.23388	1254255.4373
4822662.7609	1254255.4373
4826358.28792	1254255.4373
4830053.81494	1254255.4373
4833749.34196	1254255.4373
4837444.86898	1254255.4373
4841140.396	1254255.4373
4844835.92302	1254255.4373
4848531.45004	1254255.4373
4852226.97706	1254255.4373
4855922.50408	1254255.4373
4859618.0311	1254255.4373
4863313.55812	1254255.4373
4867009.08514	1254255.4373
4870704.61216	1254255.4373
4874400.13918	1254255.4373
4878095.6662	1254255.4373
4881791.19322	1254255.4373
4885486.72024	1254255.4373
4889182.24726	1254255.4373
4892877.77428	1254255.4373
4896573.3013	1254255.4373
4900268.82832	1254255.4373
4903964.35534	1254255.4373
4907659.88236	1254255.4373
4911355.40938	1254255.4373
4915050.9364	1254255.4373
4918746.46342	1254255.4373
4922441.99044	1254255.4373
4926137.51746	1254255.4373
4929833.04448	1254255.4373
4933528.5715	1254255.4373
4937224.09852	1254255.4373
4940919.62554	1254255.4373
4944615.15256	1254255.4373
4948310.67958	1254255.4373
4952006.2066	1254255.4373
4955701.73362	1254255.4373
4959397.26064	1254255.4373
4963092.78766	1254255.4373
4966788.31468	1254255.4373
4970483.8417	1254255.4373
4974179.36872	1254255.4373
4977874.89574	1254255.4373
4981570.42275	1254255.4373
4985265.94977	1254255.4373
4988961.47679	1254255.4373
4992657.00381	1254255.4373
4996352.53083	1254255.4373
5000048.05785	1254255.4373
5003743.58487	1254255.4373
5007439.11189	1254255.4373
5011134.63891	1254255.4373
5014830.16593	1254255.4373
5018525.69295	1254255.4373
5022221.21997	1254255.4373
5025916.74699	1254255.4373
5029612.27401	1254255.4373
5033307.80103	1254255.4373
5037003.32805	1254255.4373
5040698.85507	1254255.4373
5044394.38209	1254255.4373
5048089.90911	1254255.4373
5051785.43613	1254255.4373
5055480.96315	1254255.4373
5059176.49017	1254255.4373
5062872.01719	1254255.4373
5066567.54421	1254255.4373
5070263.07123	1254255.4373
5073958.59825	1254255.4373
5077654.12527	1254255.4373
5081349.65229	1254255.4373
5085045.17931	1254255.4373
5088740.70633	1254255.4373
5092436.23335	1254255.4373
5096131.76037	1254255.4373
5099827.28739	1254255.4373
5103522.81441	1254255.4373
5107218.34143	1254255.4373
5110913.86845	1254255.4373
5114609.39547	1254255.4373
5118304.92249	1254255.4373
5122000.44951	1254255.4373
5125695.97653	1254255.4373
5129391.50355	1254255.4373
5133087.03057	1254255.4373
5136782.55759	1254255.4373
5140478.08461	1254255.4373
5144173.61163	1254255.4373
5147869.13865	1254255.4373
5151564.66567	1254255.4373
5155260.19269	1254255.4373
5158955.71971	1254255.4373
5162651.24673	1254255.4373
5166346.77375	1254255.4373
5170042.30077	1254255.4373
5173737.82779	1254255.4373
5177433.35481	1254255.4373
5181128.88183	1254255.4373
5184824.40885	1254255.4373
5188519.93587	1254255.4373
5192215.46289	1254255.4373
5195910.98991	1254255.4373
5199606.51693	1254255.4373
5203302.04395	1254255.4373
5206997.57097	1254255.4373
5210693.09799	1254255.4373
5214388.62501	1254255.4373
5218084.15203	1254255.4373
5221779.67905	1254255.4373
5225475.20606	1254255.4373
5229170.73308	1254255.4373
5232866.2601	1254255.4373
5236561.78712	1254255.4373
5240257.31414	1254255.4373
5243952.84116	1254255.4373
5247648.36818	1254255.4373
5251343.8952	1254255.4373
5255039.42222	1254255.4373
5258734.94924	1254255.4373
5262430.47626	1254255.4373
5266126.00328	1254255.4373
5269821.5303	1254255.4373
5273517.05732	1254255.4373
5277212.58434	1254255.4373
5280908.11136	1254255.4373
5284603.63838	1254255.4373
5288299.1654	1254255.4373
5291994.69242	1254255.4373
5295690.21944	1254255.4373
5299385.74646	1254255.4373
5303081.27348	1254255.4373
5306776.8005	1254255.4373
5310472.32752	1254255.4373
5314167.85454	1254255.4373
5317863.38156	1254255.4373
5321558.90858	1254255.4373
5325254.4356	1254255.4373
5328949.96262	1254255.4373
5332645.48964	1254255.4373
5336341.01666	1254255.4373
5340036.54368	1254255.4373
5343732.0707	1254255.4373
5347427.59772	1254255.4373
5351123.12474	1254255.4373
5354818.65176	1254255.4373
5358514.17878	1254255.4373
5362209.7058	1254255.4373
5365905.23282	1254255.4373
5369600.75984	1254255.4373
5373296.28686	1254255.4373
5376991.81388	1254255.4373
5380687.3409	1254255.4373
5384382.86792	1254255.4373
5388078.39494	1254255.4373
5391773.92196	1254255.4373
5395469.44898	1254255.4373
5399164.976	1254255.4373
5402860.50302	1254255.4373
5406556.03004	1254255.4373
5410251.55706	1254255.4373
5413947.08408	1254255.4373
5417642.6111	1254255.4373
5421338.13812	1254255.4373
5425033.66514	1254255.4373
5428729.19216	1254255.4373
5432424.71918	1254255.4373
5436120.2462	1254255.4373
5439815.77322	1254255.4373
5443511.30024	1254255.4373
5447206.82726	1254255.4373
5450902.35428	1254255.4373
5454597.8813	1254255.4373
5458293.40832	1254255.4373
5461988.93534	1254255.4373
5465684.46236	1254255.4373
5469379.98937	1254255.4373
5473075.51639	1254255.4373
5476771.04341	1254255.4373
5480466.57043	1254255.4373
5484162.09745	1254255.4373
5487857.62447	1254255.4373
5491553.15149	1254255.4373
5495248.67851	1254255.4373
5498944.20553	1254255.4373
5502639.73255	1254255.4373
5506335.25957	1254255.4373
5510030.78659	1254255.4373
5513726.31361	1254255.4373
5517421.84063	1254255.4373
5521117.36765	1254255.4373
5524812.89467	1254255.4373
5528508.42169	1254255.4373
5532203.94871	1254255.4373
5535899.47573	1254255.4373
5539595.00275	1254255.4373
5543290.52977	1254255.4373
5546986.05679	1254255.4373
5550681.58381	1254255.4373
5554377.11083	1254255.4373
5558072.63785	1254255.4373
5561768.16487	1254255.4373
5565463.69189	1254255.4373
5569159.21891	1254255.4373
5572854.74593	1254255.4373
5576550.27295	1254255.4373
5580245.79997	1254255.4373
5583941.32699	1254255.4373
5587636.85401	1254255.4373
5591332.38103	1254255.4373
5595027.90805	1254255.4373
5598723.43507	1254255.4373
5602418.96209	1254255.4373
5606114.48911	1254255.4373
5609810.01613	1254255.4373
5613505.54315	1254255.4373
5617201.07017	1254255.4373
5620896.59719	1254255.4373
5624592.12421	1254255.4373
5628287.65123	1254255.4373
5631983.17825	1254255.4373
5635678.70527	1254255.4373
5639374.23229	1254255.4373
5643069.75931	1254255.4373
5646765.28633	1254255.4373
5650460.81335	1254255.4373
5654156.34037	1254255.4373
5657851.86739	1254255.4373
5661547.39441	1254255.4373
5665242.92143	1254255.4373
5668938.44845	1254255.4373
5672633.97547	1254255.4373
5676329.50249	1254255.4373
5680025.02951	1254255.4373
5683720.55653	1254255.4373
5687416.08355	1254255.4373
5691111.61057	1254255.4373
5694807.13759	1254255.4373
5698502.66461	1254255.4373
5702198.19163	1254255.4373
5705893.71865	1254255.4373
5709589.24567	1254255.4373
5713284.77268	1254255.4373
5716980.2997	1254255.4373
5720675.82672	1254255.4373
5724371.35374	1254255.4373
5728066.88076	1254255.4373
5731762.40778	1254255.4373
5735457.9348	1254255.4373
5739153.46182	1254255.4373
5742848.98884	1254255.4373
5746544.51586	1254255.4373
5750240.04288	1254255.4373
5753935.5699	1254255.4373
5757631.09692	1254255.4373
5761326.62394	1254255.4373
5765022.15096	1254255.4373
5768717.67798	1254255.4373
5772413.205	1254255.4373
5776108.73202	1254255.4373
5779804.25904	1254255.4373
5783499.78606	1254255.4373
5787195.31308	1254255.4373
5790890.8401	1254255.4373
5794586.36712	1254255.4373
5798281.89414	1254255.4373
5801977.42116	1254255.4373
5805672.94818	1254255.4373
5809368.4752	1254255.4373
5813064.00222	1254255.4373
5816759.52924	1254255.4373
5820455.05626	1254255.4373
5824150.58328	1254255.4373
5827846.1103	1254255.4373
5831541.63732	1254255.4373
5835237.16434	1254255.4373
5838932.69136	1254255.4373
5842628.21838	1254255.4373
5846323.7454	1254255.4373
5850019.27242	1254255.4373
5853714.79944	1254255.4373
5857410.32646	1254255.4373
5861105.85348	1254255.4373
5864801.3805	1254255.4373
5868496.90752	1254255.4373
5872192.43454	1254255.4373
5875887.96156	1254255.4373
5879583.48858	1254255.4373
5883279.0156	1254255.4373
5886974.54262	1254255.4373
5890670.06964	1254255.4373
5894365.59666	1254255.4373
5898061.12368	1254255.4373
5901756.6507	1254255.4373
5905452.17772	1254255.4373
5909147.70474	1254255.4373
5912843.23176	1254255.4373
5916538.75878	1254255.4373
5920234.2858	1254255.4373
5923929.81282	1254255.4373
5927625.33984	1254255.4373
5931320.86686	1254255.4373
5935016.39388	1254255.4373
5938711.9209	1254255.4373
5942407.44792	1254255.4373
5946102.97494	1254255.4373
5949798.50196	1254255.4373
5953494.02898	1254255.4373
5957189.55599	1254255.4373
5960885.08301	1254255.4373
5964580.61003	1254255.4373
5968276.13705	1254255.4373
5971971.66407	1254255.4373
5975667.19109	1254255.4373
5979362.71811	1254255.4373
5983058.24513	1254255.4373
5986753.77215	1254255.4373
5990449.29917	1254255.4373
5994144.82619	1254255.4373
5997840.35321	1254255.4373
6001535.88023	1254255.4373
6000000.0	1254255.4373
