0.0	0.0
1131.75387103538	0.0
1180.5012412912076	0.0
2186.90050221727	0.0
2283.3367332115486	0.0
3417.84875402693	0.0
3594.2105743891234	0.0
4879.24670513068	0.0
5182.115430027913	0.0
6947.49308521429	0.0
7407.03099018115	0.0
9671.86895817094	0.0
10230.808008865524	0.0
13088.4587758649	0.0
13674.648797893327	0.0
16957.5354232702	0.0
17489.183683680418	0.0
20895.8272576206	0.0
21385.056484636974	0.0
25528.1133708764	0.0
25853.286029395895	0.0
30071.0723880966	0.0
30225.06981162081	0.0
34721.71058823807	0.0
34740.4189892653	0.0
39304.5491226871	0.0
39509.7534195632	0.0
43499.01259380097	0.0
43884.3835055169	0.0
48288.03660945897	0.0
48908.2710337867	0.0
52930.91366544627	0.0
53764.5130871322	0.0
57747.74980406459	0.0
58810.7127177554	0.0
62433.84825743409	0.0
63725.3746576408	0.0
67351.52428136706	0.0
68914.6011082856	0.0
72331.93901690756	0.0
74168.7858044679	0.0
77230.2581413436	0.0
79371.3773714873	0.0
82326.09763566832	0.0
84737.5114986176	0.0
87264.00156558957	0.0
89953.3304948134	0.0
92386.98069305795	0.0
95370.0034896379	0.0
97535.7231372477	0.0
100825.893021417	0.0
102243.83234242578	0.0
105917.374967261	0.0
107521.64976953027	0.0
111394.086385774	0.0
112566.21369543503	0.0
116832.728186545	0.0
117876.82841762024	0.0
122486.657130104	0.0
123043.6168637226	0.0
128019.423642019	0.0
128435.42019979756	0.0
133829.030918411	0.0
133898.2069366504	0.0
139205.3373176132	0.0
139664.665191419	0.0
144711.78120807552	0.0
145340.713191086	0.0
150073.57196230406	0.0
151250.013335765	0.0
155619.55292014818	0.0
156970.425455984	0.0
161190.65768028254	0.0
162921.374661198	0.0
166431.60272405748	0.0
168914.762718155	0.0
172064.74211523257	0.0
174560.742624941	0.0
177549.3141025026	0.0
180638.89688681	0.0
183251.05388059712	0.0
186568.630319185	0.0
188809.5958029216	0.0
192757.911669713	0.0
194598.07559181695	0.0
198801.935987255	0.0
200428.16165704036	0.0
205093.432612668	0.0
206103.04979372368	0.0
211433.849142889	0.0
212002.69382425927	0.0
217607.080654515	0.0
217740.2254766702	0.0
223708.88898897887	0.0
224036.696045321	0.0
229711.38383611524	0.0
230301.934785065	0.0
235171.82378814422	0.0
236833.325763228	0.0
241252.80298312497	0.0
243417.1366957	0.0
247167.06262471914	0.0
249397.484630702	0.0
253318.8197051535	0.0
256076.516049814	0.0
259311.457733804	0.0
262593.796288326	0.0
265549.94455689075	0.0
269396.824955688	0.0
271838.66193325934	0.0
276048.318437372	0.0
277970.68330367026	0.0
282976.575569131	0.0
284345.91184194846	0.0
289957.507532029	0.0
290551.3208076093	0.0
296769.707880655	0.0
297006.8500792134	0.0
303508.18023003906	0.0
303869.545318282	0.0
309399.7305629744	0.0
310768.590558102	0.0
315936.99057884235	0.0
317918.71714273	0.0
322293.02630293823	0.0
325119.457978771	0.0
328901.384275009	0.0
331680.34804782	0.0
335337.564925427	0.0
338992.328537066	0.0
342015.39080547815	0.0
346098.444206243	0.0
348717.4353608658	0.0
353477.854314028	0.0
355234.73107071995	0.0
360690.399775849	0.0
362016.42780589184	0.0
368179.784414194	0.0
368603.2442224567	0.0
375439.2885097902	0.0
375710.269150783	0.0
382324.7022280443	0.0
383062.4968393	0.0
388566.32448666234	0.0
390693.650053715	0.0
395491.98253977974	0.0
398100.86993896	0.0
402213.031917654	4.04983683131e-08
405784.890495946	7.11726757623
409174.2324695888	20.6244392556
413488.242579516	53.5803832753
415915.1849838381	80.9887538917
420435.740445271	146.885126196
422889.11151260755	190.704119537
428179.406461264	307.684867075
429896.96058241924	352.966345339
435715.800737022	525.915658796
436706.4631949865	558.687435642
443533.110981601	806.827897475
443763.2347774633	815.944696173
450619.01933402865	1087.5498483
451134.436677596	1109.72169267
457714.8130204247	1415.16695007
459005.413639282	1477.56685503
464839.53080036544	1770.9145445
466921.491247872	1878.49131878
471524.60500764137	2122.73430248
474610.339375672	2289.88273508
478703.6809364998	2516.14570214
482616.083845616	2752.55651759
485682.4678505597	2953.63808281
490400.239841105	3271.35543748
492920.0509734828	3445.50829578
498482.405371749	3836.61450991
499950.66714340093	3941.61384858
506618.281519771	4440.29958392
507249.87756185915	4489.60940662
514261.137298195	5040.17298049
514574.18399844575	5064.89724734
521699.04336167156	5627.61496342
522484.052894393	5691.86588748
529079.5607026176	6250.60532743
530467.969029166	6374.54451516
536234.1030954253	6915.51775848
538735.153715447	7146.73929304
543658.3500820996	7595.14633696
546791.865628205	7891.85251292
551113.0608802516	8316.60628851
555153.693634872	8724.10040073
557867.4516873938	9004.71039732
563555.29798602	9613.56285562
565377.4970664647	9815.25514006
571762.666280275	10536.0312131
572683.8685291241	10642.0427036
580191.93187928	11526.920721
580200.3485313925	11527.9360601
587524.4011972235	12411.4699089
588416.775163323	12517.551255
595144.851540049	13305.5188018
596995.842005368	13532.5992338
602772.6011934797	14273.43785
605575.448891578	14626.5550965
610182.7738522359	15196.5994459
613382.639501714	15610.459887
617878.4335019306	16217.1581654
622074.122290984	16783.5600153
625356.6737441297	17226.8500033
630536.90098596	17943.586949
633115.9495519523	18308.9760632
639321.633501992	19199.5442288
640900.2029822931	19428.975083
647858.42228791	20451.2283037
647950.5841887451	20464.9129735
655765.5698873138	21625.3219689
656692.506652943	21764.4115131
663340.2283662709	22772.3436063
665545.528296807	23112.4829633
671198.158076497	23999.1193281
674166.618705634	24463.2014929
678833.3107059886	25190.3725432
683120.770367017	25884.8789728
686746.9666164275	26476.9839563
691818.087124227	27314.2425729
694693.20824476	27791.8977398
700879.940256007	28833.4445927
702455.8416884328	29099.6405316
710223.990553143	30433.4416563
710642.2488884656	30505.3198602
718601.6758373262	31895.8671699
718714.697086725	31915.6170642
726836.4105481409	33358.4912284
728129.268408922	33588.7748477
735083.3273551733	34844.7659641
737259.459133114	35239.5004862
742566.4445891305	36212.2452046
746764.691667238	36988.0817238
750867.7520072834	37752.3626407
755967.932001656	38711.7024963
758988.5953587566	39283.1577505
765820.340923283	40592.3321927
767554.054102621	40925.6429178
775815.824342365	42538.4572377
775920.6115622486	42558.9171202
784549.323406225	44270.3776814
785465.413028003	44452.3801777
793195.8043024117	46009.6240075
795465.056701013	46468.5980911
801573.8458342105	47717.5257902
805158.674853745	48455.0424536
810223.4330037453	49506.2244272
815148.620168443	50537.1343082
818581.0820393633	51259.819559
825119.039074561	52651.6719405
827209.2759015082	53104.4966245
834124.492064122	54630.4203797
835839.3052826397	55015.7141085
843919.6325002201	56831.2467685
844108.26490459	56874.3841688
852565.2018922259	58842.1819173
853781.244057428	59137.4301326
860937.3861531981	60947.2494328
863785.848012274	61670.8587944
869602.4157071164	63155.0486472
873494.200644692	64110.3529725
877998.35015184	65172.2866184
883538.074283068	66776.0107999
886685.0390446103	67856.1207955
893609.74970722	70781.2451168
895409.8011888418	71684.1757186
903531.896594644	75124.3521906
903957.2259851766	75271.3042355
912932.2844638192	78372.2025385
914002.443186578	78702.1926236
921680.5339922511	80784.5728217
924239.592104611	81650.2855704
930820.2217258604	84317.9171362
935003.607925001	86211.8132405
940105.8253123763	88763.2308839
946067.450153437	91881.648121
948623.9324296409	93277.7507002
956667.407231937	97737.7588664
958209.4172387215	98605.7139002
967635.5349827369	103911.416398
968276.602403461	104248.943133
977502.5219458765	108770.956362
979711.553602735	109836.638978
987118.9786190079	113352.93724
991649.659712262	115506.996394
997103.4791169347	118103.981884
1003282.38018132	121110.018484
1007129.513121537	123021.362644
1015372.33450178	127113.251826
1016865.5319499244	127853.89871
1026963.5508038638	132862.657737
1027530.79693624	133145.127063
1036768.8612003186	137763.402671
1039351.50362971	139053.541315
1046936.4106863975	142839.66985
1051635.75777613	145190.28481
1057137.1328825972	147947.764086
1063584.83250719	151141.063166
1066376.0062684296	152506.753716
1075980.6531675	157358.976342
1076627.898914526	157696.257167
1086570.504212056	162877.365168
1088413.44567522	163814.61178
1096827.5549878846	167988.167107
1099613.77643107	169605.570976
1106726.1988907086	174335.210885
1111960.30718085	177698.955948
1116958.6155827062	180799.57836
1123950.32422883	184324.790419
1127181.579802787	185578.722903
1136223.97460376	189241.827909
1137022.5786335804	189578.953239
1147155.1171882143	193856.336857
1148041.82208178	194402.159884
1157066.2363373116	201702.761043
1160440.40155197	204274.111483
1167460.3467881042	209294.473156
1173171.77170885	213406.437868
1178002.181607641	216907.285705
1185757.6316676	222397.441593
1187635.412856382	223695.114319
1198424.7131532684	231151.244325
1199009.76455474	231551.636858
1208964.1655886983	238297.495775
1212002.87949945	240381.600237
1219930.8512006253	245883.815861
1225586.99607277	250084.919703
1230672.312205855	254109.821066
1239542.6193135	261028.903146
1241928.5991032897	262862.718386
1252411.0971405	270885.579094
1253332.7565083904	271588.008776
1264472.9217851511	280078.32852
1266854.23781106	281894.271048
1276058.7855591488	288917.551726
1280984.73916104	292666.127316
1287336.1057386983	297486.475456
1295731.37029987	303888.610007
1299047.9364158274	306418.655463
1310126.02621776	314879.285724
1310817.6156116368	315407.508643
1321888.9339435976	323873.260108
1325119.14844934	326344.088112
1333766.872033582	332964.741203
1340214.20412044	337904.0711
1345295.097445692	341798.606479
1354892.10107411	349162.046933
1357242.1219459749	350965.571063
1368847.879210916	359883.057963
1370157.38773937	360889.37731
1380871.9422706235	369132.275209
1384989.53121213	372301.349817
1392926.4153786723	378414.898002
1400386.29480838	384165.421746
1404616.5508712174	387427.771881
1415838.57397413	396092.087316
1416720.740106265	396773.252895
1428484.3386858387	405867.465861
1429883.18366295	406949.040798
1440672.5214152604	415300.464611
1445496.87553422	419036.567197
1452956.1984590231	424817.654281
1460864.54505662	430951.684424
1464103.0772022833	433464.448497
1476438.763314846	443047.6844
1476730.75214663	443274.528773
1488397.4443261828	452349.069518
1492123.13642102	455248.06979
1500912.032578651	462092.907499
1508429.11086906	467951.712855
1513224.0836949134	471690.728336
1525401.2628851	481197.947272
1526182.569408238	481807.99329
1539295.686789062	492060.337281
1542120.00316907	494269.127858
1552117.365603252	502095.58463
1559722.66729091	508053.982894
1565438.1412147894	512534.371267
1576897.15976847	521527.530749
1578376.6063062309	522688.789095
1591785.9295633899	533228.347563
1594728.5473713	535541.892301
1605272.4542620678	543840.50853
1612747.70146921	549728.342573
1617487.3521724662	553463.275743
1629675.25361341	563079.309637
1631032.0734793236	564149.961481
1644111.4106836228	574484.245034
1647707.86540419	577326.908461
1657642.713542411	585187.284007
1665198.94809366	591170.231368
1670741.3060658998	595561.040117
1683264.50267343	605494.656684
1684267.660887966	606290.458699
1697716.028861786	616973.29757
1700592.13797981	619258.615948
1710685.2351440475	627286.509168
1718383.42560923	633414.214441
1724152.8909635753	638009.298945
1736529.9894002	647879.133266
1737293.5628645478	648488.073557
1750930.3849089735	659377.966165
1754205.54998442	661994.24706
1764543.1741687292	670260.636873
1772409.59118443	676555.838419
1776872.0362181338	680128.54139
1790257.14019637	690859.02396
1790604.6675039046	691137.636923
1804024.5828770238	701910.629143
1808967.41345798	705880.47448
1817976.7388728617	713122.749237
1827935.77527947	721136.301571
1831549.3602559366	724045.009723
1845242.21841714	735081.716078
1845646.8483346167	735407.868493
1859767.9490528964	746805.958098
1864451.00168882	750587.697982
1873470.1607565328	757877.434826
1883150.65081843	765709.099045
1887703.4320183578	769394.006743
1901591.2380911016	780649.694556
1902817.4917254	781643.658505
1916045.998989029	792380.115232
1922071.98235075	797273.764484
1930565.5971240203	804177.057657
1942160.17248356	813611.320851
1944192.3884713731	815265.218853
1958802.4472225334	827172.334595
1962352.5994198	830066.684795
1972938.9946674178	838706.365342
1981887.55142885	846015.715643
1987561.0255994815	850652.460574
2001734.3868404964	862251.762093
2002153.03239381	862594.390228
2016451.0369597024	874312.328658
2021909.73538135	878788.363331
2031179.6564814586	886396.323717
2042357.28539555	895579.842465
2045430.393494809	898105.448662
2060124.6295482945	910198.839352
2062722.00396404	912337.017776
2074327.0438447944	921901.01924
2081074.10804574	927465.040231
2089054.1489917105	934050.878464
2101603.6547782	944420.291925
2121601.3801536	960975.631582
2142241.57332742	978096.515516
2162247.6538305	994723.040882
2182864.20776597	1011890.50768
2203372.58683668	1029001.13841
2223409.33471703	1045750.00611
2244297.41171884	1063244.98996
2263865.0099523235	1079664.25742
2264471.12010795	1080172.87645
2278730.814855342	1092155.01002
2285184.38620276	1097581.10739
2292146.8727284325	1103438.9268
2305858.64696105	1114990.0524
2306998.681087026	1115950.54705
2321457.139826807	1128148.52219
2324712.55243391	1130895.81034
2336458.397636236	1140819.19708
2345749.41298838	1148675.46225
2350992.961309423	1153111.45706
2366013.482377265	1165836.51453
2366112.2528698	1165920.19151
2381034.7102751294	1178579.88749
2387155.30641843	1183775.35002
2395620.3511433364	1190966.55902
2407697.60930483	1201237.93684
2410755.3098015194	1203839.16643
2425503.576202401	1216402.91879
2429203.10137965	1219555.5518
2440840.4793410455	1229483.3069
2450982.79505792	1238143.76624
2456226.5761078475	1242623.571
2470155.3931870745	1254538.40629
2472170.65467689	1256262.60006
2485575.3878381127	1267745.46579
2494061.7720704	1275020.82956
2500510.0392110064	1280552.20505
2515307.92791481	1293263.25999
2515962.1727421624	1293825.27547
2530981.3569880356	1306745.02324
2537415.3742367	1312282.94181
2546471.9869537377	1320084.67607
2559414.60702607	1331247.21422
2561933.424294174	1333420.10375
2576853.859430476	1346309.00023
2579889.01978459	1348931.62689
2592201.9199153366	1359582.96137
2601588.73406454	1367710.03479
2606960.4873377346	1372363.16205
2622072.417901415	1385471.48782
2622137.15216198	1385527.63967
2636966.1833749777	1398408.0297
2642910.8440896	1403574.31232
2650788.0862267525	1410425.03346
2662603.37876006	1420711.65218
2665476.7479116223	1423213.91462
2679696.0312946453	1435612.70257
2682963.97809854	1438463.09806
2694558.726698811	1448586.9905
2703775.53559238	1456641.31162
2709006.586447794	1461214.74881
2723968.375406628	1474313.33136
2724017.96359157	1474356.74447
2739010.150906028	1487499.76288
2745103.42953372	1492844.4177
2753684.256720507	1500376.81877
2765935.85612473	1511143.35151
2768971.8390167383	1513812.05893
2783912.8769708173	1526963.26067
2787867.33072926	1530445.2333
2800018.1549187354	1541155.93667
2816352.8547287174	1555575.72917
2831106.8176865666	1568617.2979
2847441.6029498503	1583077.30186
2863249.5030926354	1597090.64247
2879584.376650033	1611592.22159
2895392.362197323	1625645.79652
2911727.3239749507	1640188.95141
2928062.330573035	1654753.23522
2943870.4448353387	1668867.49256
2960205.539587698	1683473.35309
2976013.7391270488	1697627.84627
2992348.921958426	1712275.28413
3008684.149515489	1726943.85168
3023438.5889525055	1740210.122
3039773.901499519	1754918.90447
3055582.311653608	1769173.00019
3069580.72176166	1781810.54595
3072013.2992142886	1784007.10652
3088468.391045941	1798887.06998
3095078.48738955	1804867.88231
3105488.4779613847	1814295.40214
3118167.36165723	1825790.38737
3122532.2039552494	1829749.16562
3139063.20540495	1844763.87565
3143854.30169358	1849117.3271
3156184.075415164	1860332.84722
3168839.2408107	1871857.0107
3172777.7611507475	1875444.76842
3189959.3167911186	1891119.47492
3194767.77264948	1895508.0491
3207165.9283687747	1906835.72778
3219942.01333926	1918521.60537
3222719.066992281	1921062.29732
3239953.24906913	1936853.11147
3245998.92245881	1942395.34662
3256621.6941977483	1952142.45231
3272016.91682466	1966287.33407
3273836.06905657	1967959.0033
3290462.9196447106	1983259.72478
3297107.61449178	1989377.93969
3307641.555097059	1999086.01325
3323024.8539299	2013281.95579
3324816.5403393935	2014935.60501
3341419.8826447227	2030281.56093
3348058.12034788	2036420.56155
3358563.4546850286	2046144.55131
3373873.30966669	2060334.24584
3375141.741273867	2061509.99857
3392220.3027609126	2077363.75521
3399551.01137848	2084172.98254
3409192.1895973594	2093135.6671
3422337.88441123	2105369.89737
3424929.6352898628	2107782.47855
3441411.5295954496	2123146.43706
3446601.78033943	2127986.77197
3457111.460871814	2137796.64152
3469233.55859644	2149123.17556
3473153.398001469	2152786.97338
3488510.943201782	2167160.01351
3492106.28102512	2170525.89158
3504502.9312662547	2182143.51517
3514583.76471172	2191598.8836
3520502.1160959285	2197152.79938
3535938.1203432954	2211657.12907
3537636.93015233	2213253.63151
3551808.7371730995	2226587.84352
3560490.62064668	2234762.55968
3567136.8563505504	2241024.03513
3582498.0169655	2255514.56524
3582946.287149435	2255937.44453
3598724.0457780333	2270841.19465
3605166.79150059	2276930.3253
3612964.7921935953	2284305.13271
3627060.40837504	2297651.49054
3628721.6374654192	2299224.63441
3643966.6068196534	2313679.62102
3649674.56970084	2319094.3766
3659720.1586076263	2328631.91824
3672290.04665065	2340578.58233
3674975.1835967214	2343131.15813
3690784.403582881	2358179.65405
3693560.95612794	2360823.21093
3706672.824843016	2373320.61451
3716512.16532178	2382706.5028
3722106.018122549	2388045.03247
3738128.6534268097	2403356.62847
3738976.98943179	2404167.3746
3753790.8744474463	2418342.19872
3762577.08591723	2426755.4803
3770074.3151676296	2433938.93281
3785850.55489861	2449074.57057
3786471.0564495665	2449669.90678
3801438.995063448	2464048.50579
3810321.19195139	2472587.21513
3818082.8404707084	2480053.47064
3834270.4936911925	2495645.76402
3835156.85491678	2496499.58818
3851136.1987347165	2511912.53357
3859526.93223156	2520011.41634
3867530.0997036058	2527741.27584
3884541.186793266	2544194.30552
3885038.97040976	2544675.77868
3901681.5084292386	2560794.89504
3910039.6753057	2568895.7119
3918333.242315209	2576939.3542
3935603.558765991	2593712.80686
3936181.48531043	2594274.13297
3952424.594039847	2610071.5248
3962607.50537061	2619983.20853
3969847.607096028	2627034.60898
3986677.71400669	2643448.45374
3987326.3576524104	2644081.08761
4003185.2366572614	2659568.41658
4013532.41006916	2669681.63282
4020772.2008985104	2676761.86924
4037831.9894585526	2693468.68695
4039691.7560102	2695290.24787
4055515.591166247	2710754.75025
4066878.59033126	2721851.15021
4072652.2636289573	2727485.00957
4090395.2348264796	2744798.3211
4093317.9085297	2747650.16645
4108178.063218582	2762149.92641
4120759.81182109	2774430.09513
4125407.5555513613	2778967.74849
4143246.921006789	2796384.55571
4148325.7960575	2801323.27634
4160538.8030484007	2813151.52124
4175103.96278754	2827234.01196
4178424.626657208	2830439.20667
4196334.521993492	2847726.32278
4202850.52375029	2854013.90107
4213104.369175445	2863905.38965
4229769.10815288	2879898.64693
4231043.337269316	2881115.21909
4248429.903783604	2897715.06962
4257660.24865983	2906544.29422
4266383.6968545085	2914904.28087
4283745.7308893725	2931542.92759
4285485.91635556	2933190.52901
4301664.664942434	2948321.82961
4310562.53969129	2956614.44989
4319574.097315535	2964983.46081
4336898.978654043	2981073.03458
4338289.28007846	2982363.12924
4354789.288544414	2997679.34381
4365089.06698582	3007242.28916
4372093.652210464	3013746.75806
4389962.886413797	3030346.55327
4392730.61355395	3032917.81319
4407825.460595758	3046945.71609
4419460.90651487	3057761.44947
4423921.348188345	3061908.05333
4441635.90700663	3078382.49717
4446708.22640359	3083100.24213
4458486.648543137	3094058.08666
4472885.57852169	3107458.02687
4475706.948931443	3110083.81162
4492057.057086227	3125305.83722
4497303.79032788	3130191.12132
4508761.089822786	3140861.75326
4521880.54631427	3153083.8649
4525339.122323937	3156306.12077
4541237.4137097	3171123.1649
4545237.28913099	3174851.32816
4557567.075116141	3186346.59504
4569072.75936946	3197076.18975
4573316.30578635	3201033.85819
4589526.473741691	3216157.24793
4592707.70224993	3219125.40007
4605691.03163557	3231242.49209
4613938.8578885	3238941.39262
4620264.046651144	3244846.41625
4636373.72896684	3259891.1746
4637345.61555901	3260798.83394
4651939.09659137	3274432.169
4659937.86784839	3281905.96031
4668023.04193613	3289461.79303
4683289.39877625	3303733.32052
4683594.0586223565	3304018.12912
4699922.718302406	3319288.17513
4706423.25898926	3325368.1216
4716341.466713227	3334646.57768
4730673.30774784	3348058.09003
4732293.237027425	3349574.04704
4748822.449434034	3365047.83426
4755041.43904107	3370870.50295
4764846.085502556	3380052.249
4778728.72005891	3393056.76445
4781436.35682991	3395593.28177
4798100.6028545415	3411209.92966
4803412.31541	3416188.28647
4813229.53055241	3425391.31731
4827601.76470303	3438868.53385
4830042.329722046	3441157.23424
4846405.739429853	3456507.79125
4852864.66614816	3462567.76277
4863377.404265558	3472433.36354
4878371.20354353	3486508.68605
4879847.154875763	3487894.26851
4896950.095212695	3503955.89717
4902440.9507205	3509113.04614
4914153.812225874	3520116.80702
4928532.10092546	3533628.77036
4930875.561613755	3535831.1421
4948326.964859162	3552237.9774
4954258.9486773	3557815.60237
4965330.409247982	3568228.14258
4981301.30219207	3583253.63372
4982980.5521892	3584833.53649
5000780.166276908	3601586.44221
5007875.81011106	3608265.83441
5017513.466637154	3617339.97784
5035465.924520611	3634249.21263
5035727.64708393	3634495.72778
5052974.327392753	3650746.2466
5063946.49797688	3661087.08043
5071116.479215663	3667845.53199
5088744.944325658	3684468.41512
5091563.58328216	3687126.42937
5107050.244407137	3701735.3622
5120379.64549125	3714312.85973
5125397.627520127	3719048.28478
5143219.64181461	3735873.12366
5148508.96845703	3740867.06288
5161698.164833602	3753323.1807
5177810.28961523	3768544.96555
5179607.652639798	3770243.0728
5198138.9338276265	3787757.87993
5207185.72450676	3796310.07733
5216673.883803166	3805281.31678
5233418.291695605	3821119.09686
5233735.65714237	3821419.28054
5252004.258076641	3838705.52743
5263260.56993881	3849359.09378
5270008.995024239	3855747.07093
5288644.128301021	3873393.81772
5291959.51357341	3876533.57887
5306711.180354068	3890508.17254
5321728.66650164	3904739.10053
5325398.0050489195	3908216.52294
5344125.130702182	3925971.19529
5350669.63585535	3932176.71842
5362275.2976360405	3943183.94635
5380695.24877022	3960660.88835
5381047.008496109	3960994.64222
5399247.059152815	3978269.70495
5410818.64827937	3989255.8691
5418062.977350337	3996134.74737
5436893.582208601	4014022.51761
5440033.72379933	4017005.63212
5453916.79801786	4030198.32502
5470278.39339979	4045751.64886
5472769.930241444	4048120.22681
5491029.102515272	4065484.97585
5499592.51753154	4073630.382
5509905.509172948	4083442.09256
5528179.921109757	4100834.93408
5529927.09705547	4102497.88618
5547076.6927392855	4118826.6649
5560301.87648936	4131422.36614
5565978.701204865	4136829.63508
5584279.692369358	4154268.33922
5587769.27252857	4157593.7449
5603201.2268633405	4172304.44152
5618215.22440384	4186621.2312
5621516.518554639	4189769.44084
5640450.791689186	4207832.89293
5647706.706614	4214756.14997
5659392.374254108	4225908.80667
5676505.018532954	4242246.76874
5678213.98394125	4243878.42851
5695460.15191325	4260350.41796
5707763.66599219	4272104.66093
5713807.186857021	4277879.1099
5732770.998128773	4296005.81098
5738319.80299738	4301310.29443
5751126.962695671	4313556.82306
5768891.84668851	4330550.37416
5770096.797180127	4331703.03603
5789070.181533911	4349860.2846
5798487.8416321	4358874.62281
5807432.629712332	4367437.94296
5826408.361584469	4385611.63051
5829076.71802353	4388167.34657
5844773.366069629	4403206.32118
5858683.31590766	4416537.33417
5863751.300751429	4421394.90224
5882730.603157767	4439593.42184
5889281.88649447	4445876.05397
5900485.196189554	4456622.45907
5919464.111430091	4474834.57237
5919879.20652579	4475232.8999
5937828.872831781	4492463.95194
5947510.31040664	4501759.67102
5956795.010376328	4510676.18573
5975138.516180916	4528299.01902
5978040.79069696	4531087.43883
5994042.702563435	4546466.73329
6007425.60625347	4559332.51002
6012922.500521021	4564617.60481
6031157.491662896	4582156.64863
6037645.7510412	4588398.12369
6049918.214676674	4600206.81475
6066558.81174905	4616224.11565
6068016.162459067	4617626.92186
6086531.999526458	4635456.63102
6095889.35954416	4644468.99608
6104966.988342412	4653213.59392
6121543.335038781	4669187.30826
6124783.30349482	4672309.69809
6139821.311068322	4686806.5054
6152513.81564053	4699045.44863
6157496.331152321	4703850.41332
6175765.98442467	4721475.71758
6181188.58493468	4726707.6584
6193523.282516878	4738611.71326
6209232.32435281	4753777.24667
6211916.915843343	4756369.09983
6230364.661620832	4774186.39129
6238379.58955248	4781928.69472
6248225.2644610545	4791441.41477
6266687.916753409	4809286.53667
6267566.53332623	4810135.78114
6284420.968470312	4826432.46372
6294507.81454573	4836187.5506
6302697.503453639	4844109.22185
6320924.45080588	4861746.32467
6323069.38495624	4863821.9385
6337394.833445988	4877688.52561
6350733.27819323	4890603.28773
6355640.767805764	4895355.37816
6373323.515163706	4912484.45195
6379413.65442483	4918384.64269
6391681.364871838	4930272.74375
6407498.30313193	4945605.25739
6409506.807283773	4947552.32799
6428076.82889142	4965561.2612
6436972.79192802	4974190.02024
6446724.129609655	4983650.36616
6464838.679092713	5001230.92843
6466849.44151671	5003182.49787
6483661.856753736	5019505.64979
6496073.59041671	5031559.27157
6501919.343775612	5037237.04374
6520849.982890925	5055630.87828
6526533.68014183	5061154.05349
6539833.578539252	5074081.87224
6556214.68689003	5090010.0758
6557003.169443646	5090776.77085
6576071.737527306	5109325.71597
6587058.93420894	5120015.92708
6594545.350143828	5127301.10675
6613665.382039609	5145914.5115
6618047.46872106	5150180.86984
6632199.249787968	5163962.92236
6646142.4967379	5177545.78325
6651370.597692385	5182639.30288
6670568.28005692	5201350.18267
6677349.8637579	5207960.72453
6689165.569682561	5219481.21696
6707634.68417079	5237495.71642
6708395.002026367	5238237.33072
6727027.607094388	5256418.53452
6739000.65095642	5268104.38596
6746289.134720635	5275219.10799
6765563.521077839	5294041.42327
6769411.60381657	5297799.54777
6783609.828618023	5311669.89281
6800895.90150527	5328562.76369
6802907.148082921	5330528.34197
6821598.115113205	5348801.90115
6832433.25491239	5359397.42159
6840920.402654782	5367698.31875
6859629.630049508	5386003.98346
6863005.24633037	5389307.01511
6878971.85406587	5404935.40537
6894628.67645465	5420265.48275
6898319.097748501	5423879.1608
6917054.626085367	5442232.11039
6925275.71354098	5450286.6774
6936421.885813107	5461209.56941
6955169.560122911	5479588.73053
6956980.10467611	5481363.75183
6974552.478036522	5498597.53696
6988717.08884584	5512493.24
6993939.248202479	5517616.80565
7011456.654684163	5534809.63245
7017409.27935588	5540652.67084
7030857.679241084	5553857.11196
7049203.52544408	5571876.89987
7049635.990872293	5572301.6829
7069049.332323466	5591377.71107
7079997.97620533	5602138.5198
7087840.306307664	5609847.53869
7107263.211456223	5628947.83199
7111846.24951983	5633455.16714
7126693.636937381	5648061.72025
7142694.49723247	5663808.16467
7145500.961473418	5666570.16351
7164943.546958999	5685712.27428
7174599.22974345	5695220.60121
7183763.912069681	5704246.33852
7203217.021382789	5723408.65525
7206534.13503151	5726676.30363
7222679.2724073	5742583.53028
7237469.59463156	5757158.29599
7240261.543297347	5759909.63952
7259737.844948356	5779106.82887
7269471.25852324	5788701.78925
7278591.368175445	5797693.07842
7298079.395088573	5816909.98854
7300473.25610299	5819270.60884
7316949.882757708	5835521.41018
7332546.6310153	5850907.05028
7336453.687229236	5854761.38972
7355967.90272737	5874016.46606
7364657.63911668	5882591.63204
7374859.377430835	5892660.00192
7393694.83273463	5911253.09537
7394387.0186156165	5911936.3799
7413297.96421503	5930608.04251
7425884.23512652	5943036.78823
7432844.432880208	5949910.40396
7452400.20244609	5969227.08593
7457075.76649102	5973845.72567
7470073.7582168	5986687.31459
7489351.96141373	6005737.60662
7489645.253936422	6006027.43271
7508599.652900847	6024761.73453
7520629.05999961	6036653.03799
7528191.606797028	6044129.3878
7547160.383775176	6062885.89212
7552991.88835382	6068652.51
7566771.851990062	6082281.21966
7585397.84671727	6100706.55894
7586388.387329956	6101686.4393
7605383.770125372	6120481.33503
7616794.23355512	6131772.78903
7625017.827586772	6139911.35107
7644025.897200798	6158726.82463
7649275.34880624	6163923.38812
7663676.470627005	6178181.68481
7680743.03771458	6195082.17409
7683332.011903042	6197646.02774
7701729.937634538	6215869.13847
7713297.40876305	6227328.15871
7721401.469341796	6235356.95716
7740445.032392406	6254227.62552
7745885.64277061	6259619.16451
7760131.303196057	6273738.55393
7776401.40929981	6289867.33686
7779186.70685926	6292628.5259
7798884.682864779	6312160.24266
7809047.08718105	6322238.00032
7818589.396000537	6331701.82232
7837665.418740606	6350624.91785
7840679.1202534	6353614.55858
7857388.168998332	6370193.25597
7873403.24441733	6386086.19608
7876478.320001439	6389137.92362
7896213.931459207	6408727.94443
7905102.70021891	6417552.0035
7915955.832894543	6428327.41296
7933791.890642501	6446039.2159
7937892.41019773	6450111.35291
7953548.019465237	6465661.27665
7970715.83458561	6482716.41798
7972670.203374505	6484658.00181
7992439.079823066	6504301.82538
8002509.96463145	6514310.11242
8011575.084719253	6523319.78412
8031354.502464512	6542982.49192
8035394.90268955	6546999.22981
8051136.187364279	6562651.03393
8067227.11996572	6578653.32723
8070281.8336103065	6581691.31547
8090073.799481524	6601379.19464
8100149.00359591	6611402.52192
8109234.645839606	6620442.28442
8129042.587988982	6640154.48915
8133118.07449173	6644210.45913
8148858.646146757	6659878.35995
8162923.89338	6673880.83237
8166761.014475188	6677700.98882
8186589.918436223	6697446.52112
8195954.96260423	6706773.14768
8205783.4005027395	6716562.32241
8225620.822942884	6736324.79669
8227944.83871142	6738640.09105
8244824.070549941	6755459.09247
8261021.04078437	6771601.13303
8264669.288995597	6775237.15415
8284519.03301881	6795024.67661
8293046.14755201	6803525.85622
8303731.612337896	6814180.069
8323587.2162949685	6833981.90817
8326156.01535497	6836543.82356
8342806.98026398	6853153.19763
8359282.3691202	6869590.3998
8362669.164963503	6872969.47104
8382536.176483733	6892795.48216
8391356.81905331	6901598.77124
8400483.300149767	6910708.20716
8420356.245115139	6930548.35105
8424517.92535843	6934703.3515
8439592.722671216	6949756.4355
8456626.7135885	6966769.06125
8459472.613891574	6969611.48052
8478716.223057766	6988835.59729
8489823.71801998	6999933.18911
8498603.896338206	7008706.38152
8518494.863273948	7028585.84497
8523038.16032426	7033126.74003
8537748.495775206	7047831.6625
8553053.93207927	7063134.02621
8557646.427448593	7067725.83005
8576906.103974354	7086982.60652
