0.0	0.0
10479.4668664	-4147.85477338
12942.6890896	-5351.98449788
18180.7015808	-7744.13790656
21069.7799733	-8760.58551688
25014.1602103	-10040.2163597
27943.5512656	-10901.0829071
30729.5381719	-11680.4685724
33792.7719458	-12494.2631948
36225.8099139	-13121.2715436
39592.76322	-13962.8709126
41442.6029071	-14419.8591159
45216.5104654	-15339.8847477
46882.1061952	-15743.8536523
51202.381273	-16780.859635
52445.4073078	-17078.5237768
57324.1202262	-18236.2691072
57924.4515019	-18377.9124774
63388.2311598	-19646.290848
63695.7777861	-19717.2524822
69382.2106351	-20868.0966056
69792.3864178	-20950.8093885
75362.4132609	-22068.0409946
76126.1330835	-22220.6556232
81452.2734458	-23290.4147817
82818.4638988	-23564.6734508
87045.626811	-24416.951095
89659.305764	-24944.0006974
93322.6423495	-25685.5702081
95948.4118209	-26214.2106017
99474.137872	-26924.3767244
102999.928171	-27638.5729712
105891.317012	-28227.1802233
109910.132664	-29040.517129
112162.346409	-29494.8567889
117140.179676	-30450.5473892
118703.154692	-30733.669621
124222.665712	-31767.1985017
125307.085483	-31980.4247674
131629.450705	-33218.6914116
131754.168349	-33242.9312109
138482.460023	-34458.4595741
139124.534584	-34574.5710959
145053.674317	-35644.575373
146465.036002	-35901.2116997
151902.163661	-36904.3367202
154135.633144	-37299.021432
158805.744052	-38089.032039
161637.553309	-38577.793408
165088.738309	-39186.358498
169468.20747	-39962.8771342
172093.972641	-40430.0251277
177377.748538	-41337.3385436
178922.219362	-41595.640325
184593.397253	-42546.4198088
186035.656479	-42784.7773846
192658.318747	-43869.3339965
192971.470069	-43920.9528457
200312.942646	-45063.5924771
200700.701766	-45123.6257377
207854.663288	-46221.8161918
209298.585832	-46439.9726199
215245.947495	-47333.8931756
217759.255275	-47707.7084777
222940.552365	-48462.7288619
226575.840214	-48977.5492206
230429.523648	-49507.8744443
235463.381946	-50187.7790743
238206.714347	-50554.9476704
244115.765098	-51325.0004271
246016.71473	-51565.0427031
253101.329444	-52442.5654434
253346.74704	-52472.1270567
261213.446538	-53346.0678013
261840.316489	-53413.6242708
268856.974078	-54146.7220245
270918.501304	-54354.584085
276781.883651	-54920.7507954
280041.457095	-55225.3160711
284477.148036	-55634.6535142
288617.738435	-56005.7597461
292456.399855	-56333.6136417
297825.787067	-56780.5536209
300461.333698	-56997.3938788
306780.901122	-57510.7767229
308235.870519	-57627.5062667
316086.352053	-58229.7258276
316300.621322	-58245.2498219
324140.614483	-58745.0125302
325142.725557	-58805.2554728
332276.691787	-59217.1845157
334556.830542	-59345.037083
340448.280447	-59665.470345
344030.945156	-59858.0185603
347857.674052	-60061.9490799
353251.933718	-60335.4998739
356089.383032	-60469.5172669
362820.938526	-60780.7721481
364078.084574	-60837.9352817
372120.274076	-61176.853671
372357.840495	-61186.2874093
380397.329697	-61454.1565731
381770.144424	-61497.7515224
388728.431228	-61703.8252288
391460.307109	-61780.9817113
397082.861765	-61936.3303494
400248.435294	-62014.8497354
405194.011953	-62119.588617
410020.362978	-62209.6331
413599.718154	-62263.4751424
419518.173692	-62330.2082676
421758.650136	-62354.1402663
429374.997692	-62429.4537956
430214.119099	-62436.0638561
438697.533157	-62440.9095825
438956.927697	-62440.5245894
446387.84486	-62424.5843656
448904.174097	-62409.9739214
454926.458895	-62346.4586602
458898.958199	-62292.9326842
463215.534229	-62233.9965076
468617.004089	-62160.1905912
471808.743992	-62103.0737897
478706.259883	-61949.4948804
480150.181725	-61913.1659758
488516.198162	-61680.6136335
488798.001475	-61674.8783745
497478.127252	-61447.0610175
498701.569203	-61400.94536
505905.98355	-61118.723811
508935.687664	-60998.1623681
514647.646925	-60740.6753667
518235.856943	-60555.8667699
523136.575368	-60304.139094
528571.200005	-60031.3453116
531932.677308	-59866.1771679
538621.225096	-59536.6192353
540757.897313	-59419.8615148
548752.000854	-58909.4791818
549055.256277	-58888.7098156
557643.147112	-58255.6046891
559212.311905	-58134.349664
566275.880213	-57592.5380635
569758.114202	-57322.3801001
575223.403508	-56886.407299
580354.167484	-56473.3254739
583908.858128	-56164.9727888
590657.857517	-55533.7592511
592912.926482	-55320.9208022
601356.012702	-54502.228588
601945.117354	-54441.9290509
610717.043761	-53483.7597928
611758.340026	-53367.6856963
619812.306915	-52472.39435
622559.294982	-52166.4239466
628641.11193	-51462.8933195
633411.729493	-50882.4988801
637791.454067	-50326.6500252
643260.252595	-49615.1804243
646973.432812	-49124.5259332
654214.506138	-48154.0126953
655586.737427	-47967.7026755
664821.35126	-46660.977724
664862.347995	-46655.0568764
673788.350871	-45345.6675691
675911.719726	-45024.6305561
683073.969702	-43906.3054173
686639.726435	-43353.7130909
692065.692418	-42519.490933
697740.577248	-41626.2268798
701360.987854	-41044.5857136
708862.97956	-39844.934209
710667.65718	-39557.4738294
719655.984404	-38108.8588496
719687.381911	-38103.763348
729030.790914	-36563.3025474
730843.704716	-36248.9424036
738089.277237	-34896.3690982
741688.457085	-34216.2488156
747401.193998	-33141.6165897
752832.091164	-32109.6836687
756675.170021	-31363.0272215
763941.407452	-29913.0775967
765025.199613	-29695.2418793
774270.901339	-27791.4118296
774333.014108	-27778.173615
783202.186714	-25847.1844787
785426.436898	-25359.3735147
792420.372292	-23811.3934779
796151.972953	-22986.49777
801305.547652	-21836.5180858
807193.503432	-20512.9543767
810461.307429	-19770.1923264
817841.242883	-18084.6407129
819567.405981	-17695.7285028
828365.226432	-15663.6029972
828812.954269	-15558.9249255
837464.837543	-13544.1419484
839804.920024	-12997.5671142
846281.159693	-11466.2823067
850467.620138	-10468.2745536
855398.509049	-9283.84986355
861494.031101	-7817.73124678
864497.481653	-7106.1538505
872101.548956	-5335.4494413
872650.731482	-5206.44446083
881637.805101	-3029.21481404
882993.265862	-2695.09840602
890320.364037	-849.666047935
893863.039167	52.6187738743
899240.215147	1418.28808357
903629.718904	2532.74546582
907850.673072	3621.63949817
914424.511296	5328.84470362
916718.977101	5917.88059199
924863.573557	7990.03754502
925590.361046	8173.47183635
934203.301941	10418.2988031
935687.292095	10816.5150649
942997.738232	12791.4182196
946044.706485	13619.4107836
951497.55239	15105.1114783
956756.185413	16555.0670088
960281.42607	17538.2182374
967501.50751	19546.4112537
969095.85303	19988.2931859
977087.015571	22247.0732963
977956.11551	22496.0400612
985845.483649	24774.1635414
988669.906372	25585.7504427
994374.929386	27209.9307571
999120.657474	28553.6486604
1003195.41399	29713.1177409
1009897.88597	31658.9913724
1011689.85653	32186.9938021
1020452.17696	34793.1082279
1020639.30052	34848.0519523
1029187.54966	37344.6855989
1030314.68327	37673.4286078
1037587.94923	39789.1565109
1040952.14557	40771.2467559
1046201.14328	42311.5338935
1051176.07858	43786.5010863
1054516.42805	44784.4096071
1061713.73709	46951.2455825
1063065.01041	47361.1339712
1071595.05179	49989.5924713
1071874.29367	50077.2428013
1079476.93621	52496.4383121
1082244.66083	53348.15162
1087868.20243	55029.509892
1092570.55904	56445.1472875
1095947.54404	57464.7023207
1102479.78252	59436.6243577
1104209.91537	59959.5923314
1112170.92612	62398.9271174
1112635.59511	62542.0907053
1120173.04171	64879.9904579
1122205.93622	65548.0720555
1128197.6159	67615.8879387
1132112.75128	69050.2962572
1135879.6414	70519.4429388
1141787.09858	72637.0736594
1143588.06748	73225.4322684
1150250.6987	75390.0706601
1150888.55305	75595.3912728
1158412.60707	78044.3506387
1159593.61345	78424.7300522
1165991.54322	80467.76705
1168664.61303	81316.8962187
1172621.56617	82567.1564863
1177873.86176	84221.2423359
1180157.78834	84939.2325517
1187178.51729	87150.6499238
1187619.94951	87290.5067622
1195375.96709	89783.9268443
1196755.87825	90228.1229866
1201863.93654	91882.3874368
1205237.90233	92966.0992214
1209223.28637	94238.1442732
1214612.34554	95965.000535
1217123.93852	96770.7125792
1224302.25771	99024.5857037
1224476.5538	99077.8855713
1231647.67413	101283.160136
1232995.82851	101685.917166
1238391.52538	103264.705874
1241722.0401	104228.957218
1245318.37389	105271.200169
1250406.26435	106747.801024
1252207.1251	107270.709191
1258392.86262	109070.005209
1258485.7854	109097.035137
1265210.61119	111057.018805
1267074.71445	111600.618215
1271789.83371	112977.54056
1275361.82708	114021.763441
1278557.53298	114956.889644
1283876.23413	116515.793476
1285067.68132	116865.133911
1291752.67139	118829.344733
1292065.14804	118921.166975
1298406.65073	120788.437255
1300479.6838	121399.257663
1304819.4297	122679.790032
1308848.80966	123870.337616
1311409.19658	124627.497734
1316897.36132	126253.503153
1317745.22135	126504.775975
1324251.26129	128437.296086
1325160.39578	128707.427085
1330740.81029	130368.840636
1333136.37724	131082.671302
1336583.49691	132111.136195
1341344.34969	133534.066379
1343018.09594	134034.630976
1349208.88489	135890.461326
1349517.69536	135983.045263
1355578.99188	137804.559349
1356863.43186	138190.748307
1361718.39878	139653.300798
1364958.52476	140630.661377
1368029.0108	141558.012649
1372745.64123	142985.322098
1374298.57726	143455.564855
1380320.57759	145283.76275
1380736.99127	145410.202924
1386514.65599	147168.96543
1388425.83774	147751.234082
1392480.94219	148988.923341
1396323.60075	150163.820658
1398604.79876	150862.031233
1404153.26867	152564.678368
1404675.9307	152725.106133
1410318.5429	154461.767887
1411674.68773	154879.431888
1416316.71642	156312.353886
1419386.77139	157261.489197
1422083.18537	158096.249339
1426788.23506	159556.383792
1427992.92186	159930.473062
1433663.05159	161696.515293
1434370.12484	161916.826775
1439488.55468	163516.096089
1441892.95798	164268.359744
1445282.61914	165330.90014
1448652.87008	166389.388579
1450854.68156	167081.786833
1456078.90058	168729.698413
1456561.30442	168881.910062
1462046.64504	170618.450826
1463213.5292	170988.125906
1467680.00861	172407.082045
1470524.34477	173312.333007
1473270.93495	174188.022633
1477532.34704	175550.487869
1478274.2678	175787.812645
1483759.66742	177549.007562
1484695.33203	177849.613849
1489061.56063	179194.614777
1491824.69871	180015.055684
1494481.43831	180803.919651
1498668.56569	182041.806666
1499717.83072	182363.49652
1505134.34248	184116.304489
1505751.11933	184317.082627
1510529.85982	185876.183529
1512576.42766	186546.386415
1515726.09935	187580.578467
1519587.74526	188852.41353
1521067.55049	189340.9249
1526228.3032	191063.938954
1526574.47807	191180.058622
1531537.5997	192853.144597
1532859.95845	193299.389558
1536841.81475	194643.963858
1539817.58958	195636.67082
1541631.86752	196233.142855
1546550.36208	197851.690486
1546929.17647	197976.687071
1552054.88741	199681.232714
1553504.30722	200162.424552
1557337.39998	201441.385746
1560219.72036	202407.611779
1562446.47387	203155.573829
1567159.15869	204739.938061
1567721.19412	204929.412945
1572996.74316	206727.504448
1574101.91269	207102.916874
1578116.375	208463.812857
1580834.17188	209383.57043
1583379.50912	210244.937563
1587740.14514	211726.20314
1588443.61337	211965.968429
1593665.19624	213757.458084
1594400.70655	214007.623092
1598894.4286	215536.177847
1601299.64243	216355.693769
1603626.67293	217146.214123
1608226.53782	218707.550844
1608877.47185	218928.471625
1613972.93045	220675.185516
1614733.88714	220936.617102
1619231.57338	222487.082512
1621682.94989	223337.147267
1624315.37521	224253.993932
1628400.85532	225678.785463
1629560.09232	226083.775598
1634803.45128	227934.93435
1635336.51113	228123.926475
1639831.38133	229722.113156
1641987.09476	230497.308357
1645010.64827	231583.02816
1648835.87535	232938.141912
1650007.69978	233357.723896
1655168.38755	235250.514228
1655678.54356	235446.603237
1660368.40782	237319.446802
1662343.38658	238078.904274
1665189.99558	239143.924124
1669152.16305	240616.833781
1670308.5509	241037.50131
1675250.98412	242835.472323
1675712.55011	243001.670596
1680325.74797	244630.167
1682447.34029	245375.310799
1685220.89999	246363.769349
1689153.6384	247772.164933
1690256.74098	248164.020424
1695193.3329	249933.781203
1695285.3999	249967.383239
1700159.2446	251771.37221
1701880.32571	252401.990281
1705132.67368	253575.524569
1708252.21576	254701.348366
1709895.08959	255304.000038
1714772.79563	257124.733333
1714787.82909	257130.555386
1721029.92661	259585.530306
1727450.49979	262031.438116
1733854.34402	264417.213464
1740020.77494	266672.353412
1746359.00458	268957.050536
1752484.15396	271167.351364
1758798.49459	273453.667783
1765077.52537	275688.825129
1770721.09986	277664.147073
1770802.33831	277693.315425
1775460.7118	279423.23664
1776955.50363	279977.831029
1779654.02262	280977.3605
1782955.13895	282197.562874
1784272.07192	282683.939464
1788713.10762	284319.449584
1789113.89174	284467.008891
1793282.35741	285997.541235
1795038.24139	286641.494929
1797688.4519	287611.702461
1801130.94398	288868.992848
1802218.03963	289265.731706
1806721.38959	290904.06247
1807189.07515	291074.151422
1811063.14284	292479.172075
1813020.84569	293188.169011
1815536.08879	294102.527879
1819052.00679	295372.288033
1819881.68953	295669.996426
1824388.70092	297303.441289
1824924.20146	297497.195124
1828867.60845	298920.867535
1830938.29664	299671.221305
1832855.78899	300369.023642
1836854.85241	301816.979698
1837237.61315	301954.833319
1841471.46729	303495.004022
1842178.29508	303753.822934
1845747.00954	305069.124227
1847898.65425	305878.581299
1849765.58628	306595.850788
1853302.30163	307933.347916
1853915.93586	308161.768096
1858097.84695	309734.19475
1858947.15921	310055.192695
1862091.62755	311250.01399
1864286.77789	312098.145316
1866074.37318	312800.664724
1869703.39905	314176.829676
1869992.01426	314282.518879
1874144.64453	315818.943341
1875313.69141	316255.386963
1878238.95196	317357.065432
1880629.25704	318267.555036
1881979.95448	318788.208312
1885940.90879	320330.400775
1885996.94269	320351.864744
1889929.02081	321834.413212
1891431.24637	322386.343365
1894176.23558	323369.181449
1897169.39163	324457.140751
1898211.27443	324841.804282
1902321.61499	326374.751292
1902739.54149	326533.168518
1906300.19399	327905.135013
1907844.1955	328474.881637
1910398.91556	329379.195917
1913666.07888	330542.646078
1914669.52293	330902.074219
1918787.95847	332391.866632
1919245.13687	332563.352145
1922740.62986	333925.047311
1924604.08403	334648.354363
1926705.06159	335460.460852
1929899.64036	336671.058214
1930376.42719	336848.345739
1934514.36811	338401.769907
1935512.55854	338784.345171
1938389.04668	339910.468768
1940848.68191	340903.658994
1942182.77043	341459.953202
1945732.36256	342935.757658
1945766.29583	342949.82916
1949470.94497	344501.610839
1950808.8621	345049.426655
1953300.76013	346046.880303
1955896.37712	347099.250942
1957024.43835	347562.4806
1960868.66988	349155.463878
1961125.00379	349273.620706
1964138.0865	350823.719388
1967499.30107	352565.96324
1970860.52485	354319.428824
1973896.4772	355913.552567
1977257.71846	357691.378174
1980510.54147	359425.209179
1983871.8008	361231.1807
1987124.64129	362993.689518
1990485.91869	364831.212572
1993847.20527	366683.963872
1997100.07216	368490.363984
2000461.37684	370370.036449
2003714.26122	372199.867988
2007075.58397	374100.699419
2010436.91589	376011.986221
2013472.9659	377749.017261
2015194.38437	378707.869012
2016682.58343	379512.772852
2019663.65571	381048.302907
2019888.56164	381158.908947
2023336.80433	382870.164986
2023946.76578	383172.216465
2026715.72152	384539.872692
2028666.81469	385547.09716
2030002.40878	386268.963077
2032964.57463	387867.512828
2033245.82382	388019.031318
2036421.95241	389741.298076
2037497.43397	390312.415075
2039783.45579	391501.120871
2041990.84874	392644.145157
2043035.30635	393182.736973
2046389.01182	394923.176743
2046614.15851	395039.001383
2049761.66166	396643.959777
2051186.1784	397419.220704
2052661.10747	398278.835637
2054996.00275	399747.319722
2055380.87883	400010.736809
2057805.91882	401681.844215
2058474.88623	402134.617496
2060436.30086	403439.231654
2062080.13431	404487.022336
2063140.37172	405135.564741
2066001.04439	406897.090759
2066036.77171	406918.715182
2068949.37398	408651.598517
2070038.4384	409342.40181
2071497.42193	410334.334191
2073219.55955	411502.434597
2074028.4686	412049.734838
2076468.9972	413711.624091
2076713.96656	413877.195024
2078987.67463	415402.350053
2080115.01484	416135.315258
2081582.97056	417060.265052
2083619.37554	418412.468037
2083795.53384	418536.257493
2086105.96219	420170.517407
2086678.1081	420605.2739
2088056.01792	421737.472957
2089412.1902	422843.462201
2090023.23703	423337.93963
2091928.09312	424889.486786
2092161.68543	425068.537781
2094103.25946	426472.763679
2095066.40358	427189.826837
2096152.63074	428023.616872
2097700.78103	429315.144485
2097888.99281	429487.684127
2099516.80711	430990.215888
2099884.17257	431337.892652
2101000.83625	432422.773671
2101994.27381	433384.006259
2102499.66247	433870.954576
2103981.81735	435298.3878
2104066.29511	435379.744516
2105317.04629	436583.823068
2105996.98849	437238.254582
2106790.93153	438002.219912
2108051.9736	439215.163123
2108210.67778	439367.806264
2109671.95134	440772.611668
2110031.82171	441118.53513
2111085.96449	442131.474618
2112079.61707	443085.974302
2112542.68959	443530.731716
2113992.12507	444922.159444
2114052.19629	444979.825378
2115390.58414	446264.034
2116081.82507	446927.134032
2116831.28202	447645.89189
2118102.52452	448864.514039
2118218.71465	448975.890125
2119647.36251	450344.64188
2120050.4016	450730.727064
2121073.52102	451710.441518
2122059.27329	452654.029237
2122357.39526	452939.367617
2123773.52102	454294.044688
2123998.00439	454508.768909
2125141.22458	455601.808638
2125995.61727	456418.427367
2126549.55953	456947.764116
2127905.25784	458242.546513
2127984.18724	458317.926984
2129301.62951	459575.46294
2129772.61639	460024.946887
2130693.69294	460903.638182
2131744.50282	461905.653469
2132034.66083	462182.304204
2133413.50466	463496.189542
2133643.50657	463715.334243
2134743.7388	464763.130222
2135596.2926	465574.748179
2136112.37342	466065.9369
2137472.41416	467359.588728
2137474.27265	467361.356503
2138739.72037	468564.33609
2139403.73276	469195.37615
2140089.49124	469846.874007
2141321.47472	471016.625033
2141387.74318	471079.544016
2142722.84022	472346.343722
2143165.93906	472766.684893
2144010.26752	473567.315491
2145060.37282	474562.551055
2145333.35106	474821.230195
2146649.23979	476067.353306
2146883.51694	476289.18283
2147918.46461	477268.613832
2148757.5186	478062.307883
2149224.06968	478503.52727
2150479.83354	479690.303321
2150620.6772	479823.39926
2151772.51573	480911.185049
2152294.51777	481404.015585
2153059.55633	482125.989617
2154135.5404	483140.781167
2154214.74392	483215.476882
2155486.58325	484414.04049
2155904.2578	484807.554139
2156712.42736	485568.607056
2157719.06408	486515.978521
2157971.24104	486753.272138
2159181.5667	487891.311021
2159462.13613	488155.077103
2160426.51435	489061.144748
2161249.65297	489834.10357
2161664.38286	490223.446082
2162853.68053	491339.066553
2163023.05981	491497.934857
2164076.56116	492485.358859
2164725.96197	493093.758125
2165253.97323	493588.251803
2166461.05373	494717.750108
2166471.15383	494727.200987
2167661.17266	495839.775417
2168146.34336	496293.211978
2168740.62686	496848.381963
2169863.32627	497896.309234
2169926.56344	497955.331978
2171067.25719	499019.075838
2171565.9968	499483.991214
2172240.58782	500112.499099
2173092.76002	500905.918237
2173368.60637	501162.689386
2174525.14452	502238.233377
2174768.29164	502464.307074
2175676.03893	503307.671781
2176377.0006	503958.528741
2176783.32349	504335.675851
2177918.18763	505388.004954
2178025.19576	505487.221337
2179011.33485	506400.746504
2179608.7335	506953.854823
2180135.15723	507441.013713
2181232.26587	508455.244782
2181249.71621	508471.37662
2182251.27933	509396.372954
2182843.02157	509942.562063
2183354.44953	510414.380787
2184387.873	511366.774029
2184412.94107	511389.875934
2185499.40467	512390.000415
2185969.50951	512822.533252
2186545.50259	513352.166745
2187486.23289	514216.298734
2187617.45881	514336.822347
2188680.9661	515312.435912
2189038.20482	515640.018123
2189704.55136	516250.580272
2190574.2738	517046.681498
2190753.35019	517210.564526
2191759.55332	518130.282918
2191996.0187	518346.361382
2192792.71481	519073.651646
2193499.65556	519718.429582
2193817.90664	520008.578075
2194768.08859	520873.783256
2194939.07941	521029.446889
2195776.99504	521791.396888
2196409.78905	522366.323849
2196746.23697	522671.8623
2197737.6189	523570.904189
2197816.80303	523642.704757
2198690.16588	524433.624479
2199254.27219	524944.053197
2199667.53976	525317.763843
2200634.34749	526190.730837
2200674.28886	526226.793166
2201563.67112	527028.668927
2202034.51485	527452.863612
2202517.75255	527887.879664
2203424.30259	528702.725279
2203431.29849	528709.013416
2204367.15461	529548.830115
2204752.70824	529894.582491
2205296.77919	530382.013124
2206108.90009	531108.505494
2206127.69391	531125.317148
2207039.33281	531939.40167
2207447.34776	532303.468351
2207915.68657	532720.978009
2208642.04932	533367.566276
2208812.02175	533518.818897
2209670.28512	534281.198415
2209947.806	534527.570624
2210550.60682	535062.020216
2211194.62176	535632.201324
2211422.11692	535833.51272
2212255.84096	536569.872441
2212465.20454	536754.696001
2213110.47244	537323.45924
2213677.60428	537822.662289
2213929.60982	538044.345889
2214765.59175	538778.186702
2214912.34557	538906.961405
2215594.38872	539504.375537
2216129.03784	539972.011168
2216336.19795	540153.103222
2217147.34252	540860.56736
2217289.40791	540984.423834
2217925.49464	541537.956356
2218470.36749	542011.342194
2218721.49427	542229.355023
2219481.90637	542887.933551
2219596.16565	542986.85551
2220260.25543	543560.565388
2220741.34428	543975.514348
2221030.82168	544224.949545
2221766.27691	544857.046569
2221872.5811	544943.583851
2222585.47641	545493.934714
2222968.13772	545788.948277
2223367.85951	546096.730727
2224126.3307	546695.453287
2224139.0679	546705.775797
2224879.36757	547312.256564
2225189.94002	547561.477699
2225557.5293	547850.532305
2226331.41019	548432.420981
2226336.14371	548435.82604
2227113.7	549001.499113
2227481.51821	549267.401194
2227909.43438	549574.696957
2228657.20298	550109.676641
2228676.17125	550123.198182
2229467.849	550694.13811
2229834.8828	550956.054782
2230270.196	551263.387766
2230995.43168	551773.455969
2231053.55059	551814.183227
2231866.74965	552390.42825
2232203.53876	552629.557756
2232655.73568	552951.311135
2233389.40837	553467.045316
2233487.91516	553535.472131
2234333.32376	554128.922947
2234647.05244	554348.764789
2235129.71133	554686.494386
2235914.94213	555235.611509
2235982.58861	555282.880098
2236808.37668	555865.92183
2237059.04372	556043.642904
2237649.96951	556464.290901
2238295.19695	556930.111721
2238443.56118	557038.797828
2239250.60731	557636.208515
2239460.82494	557788.907945
2240080.57187	558230.666219
2240692.54375	558671.835467
2240872.81563	558803.354749
2241682.54469	559400.353415
2241859.93407	559530.22249
2242469.60244	559973.506025
2243087.87302	560411.678385
2243309.95226	560565.144713
2244166.22189	561162.483584
2244363.72919	561300.902245
2244938.20715	561705.537109
2245614.57564	562172.998965
2245821.52269	562313.434778
2246694.13223	562911.157607
2246961.41051	563094.127984
2247608.21989	563536.549238
2248275.42308	563999.44163
2248480.59023	564143.882471
2249373.21316	564778.00661
2249599.10504	564944.470933
2250210.06061	565412.036369
2250832.82722	565890.519681
2251006.99143	566024.891797
2251827.61308	566663.484425
2251978.06257	566781.147946
2252610.13664	567278.016843
2253177.73837	567727.418943
2253405.77525	567909.284848
2254195.18982	568543.991058
2254317.54442	568643.158179
2254888.45517	569109.870837
2255450.62411	569574.822386
2255635.09996	569729.206333
2256346.9918	570329.985159
2256509.9983	570470.107493
2257041.92224	570936.169419
2257525.01653	571369.121211
2257681.31171	571512.562654
2258324.8734	572108.281822
2258483.67219	572257.465553
2258937.65135	572690.506416
2259352.01762	573090.241134
2259503.50784	573238.140869
2260074.95941	573800.925676
2260205.2367	573955.117048
2260608.76958	574516.307214
2260998.16398	575017.300796
2261152.40538	575199.461452
2261693.27877	575843.02878
2261807.65707	575972.376522
2262173.26924	576363.938774
2262593.37042	576815.91376
2262689.96318	576920.304565
2263181.31175	577455.844602
2263278.65417	577563.625247
2263665.91082	577999.409893
2263996.87337	578371.046187
2264123.38347	578512.857331
2264590.98562	579041.953048
2264675.08188	579137.349744
2265048.6523	579562.09039
2265353.89764	579914.641174
2265477.9756	580060.31022
2265914.63379	580577.576244
2265988.56873	580664.717487
2266336.44014	581072.578193
2266640.81566	581425.325475
2266767.43525	581570.308989
2267195.95695	582065.172211
2267284.40216	582166.708543
2267592.20054	582518.022398
2267871.43291	582862.93375
2267965.30673	582989.679328
2268298.89187	583444.070988
2268336.59232	583567.143914
2268336.59232	583906.873958
2268336.59232	584236.925247
2268336.59232	584349.125866
2268336.59232	584807.582232
2268336.59232	584924.371263
2268336.59232	585254.352097
2268336.59232	585588.055648
2268336.59232	585674.981727
2268336.59232	586107.080712
2268336.59232	586174.164742
2268336.59232	586512.664875
2268336.59232	586796.780233
2268336.59232	586916.825576
2268336.59232	587317.583007
2268336.59232	587378.590427
2268336.59232	587659.543553
2268336.59232	587934.843738
2268336.59232	588016.81092
2268336.59232	588354.954221
2268336.59232	588440.799343
2268336.59232	588679.811737
2268336.59232	588921.097464
2268336.59232	588983.161358
2268336.59232	589295.720596
2268336.59232	589388.607009
2268336.59232	589586.133873
2268336.59232	589798.841389
2268336.59232	589850.025739
2268336.59232	590117.408985
2268336.59232	590197.876212
2268336.59232	590351.909478
2268336.59232	590538.533431
2268336.59232	590578.969368
2268336.59232	590802.477462
2268336.59232	590873.294705
2268336.59232	590990.550719
2268336.59232	591171.037689
2268336.59232	591181.156345
2268336.59232	591356.787283
2268336.59232	591413.01458
2268336.59232	591507.754254
2268336.59232	591617.597955
2268336.59232	591629.279927
2268336.59232	591743.237945
2268336.59232	591778.222099
2268336.59232	591828.401441
2268336.59232	591886.703862
2268336.59232	591891.321084
2268336.59232	591948.36028
2268336.59232	591967.52721
2268336.59232	591992.520045
2268336.59232	592037.051501
2268336.59232	592040.372164
2268336.59232	592095.997677
2268336.59232	592115.033557
2268336.59232	592127.42912
2268336.59232	592158.66226
2268336.59232	592159.302352
2268336.59232	592175.180789
2268336.59232	592183.663303
2268336.59232	592188.803495
2268336.59232	592204.016234
2268336.59232	592205.445244
2268336.59232	592220.974791
2268336.59232	592230.882379
2268336.59232	592236.852687
2268336.59232	592254.99848
2268336.59232	592259.009036
2268336.59232	592283.151115
2268336.59232	592297.743171
2268336.59232	592305.257599
2268336.59232	592328.636347
2268336.59232	592331.169047
2268336.59232	592339.423189
2268336.59232	592344.921879
2268336.59232	592347.320363
2268336.59232	592358.342032
2268336.59232	592359.81745
2268336.59232	592361.584895
2268336.59232	592385.097396
2268336.59232	592401.671235
2268336.59232	592464.622138
2268336.59232	592476.133039
2268336.59232	592485.740707
2268336.59232	592488.740914
2268336.59232	592489.391178
2268336.59232	592492.927334
2268336.59232	592494.152538
2268336.59232	592496.584156
2268336.59232	592499.754938
2268336.59232	592500.124773
2268336.59232	592503.786859
2268336.59232	592505.185839
2268336.59232	592507.450856
2268336.59232	592510.761344
2268336.59232	592510.805427
2268336.59232	592514.429529
2268336.59232	592516.432555
2268336.59232	592517.980636
2268336.59232	592521.521567
2268336.59232	592521.651842
2268336.59232	592525.207381
2268336.59232	592527.163174
2268336.59232	592528.882671
2268336.59232	592532.559364
2268336.59232	592532.629125
2268336.59232	592536.119423
2268336.59232	592538.282437
2268336.59232	592539.799053
2268336.59232	592543.361175
2268336.59232	592543.758407
2268336.59232	592547.043945
2268336.59232	592549.422249
2268336.59232	592550.727718
2268336.59232	592554.056261
2268336.59232	592555.091491
2268336.59232	592557.742981
2268336.59232	592560.583046
2268336.59232	592561.311791
2268336.59232	592565.001288
2268336.59232	592566.263071
2268336.59232	592568.573135
2268336.59232	592571.765136
2268336.59232	592572.265106
2268336.59232	592575.958938
2268336.59232	592577.455981
2268336.59232	592579.534825
2268336.59232	592583.152205
2268336.59232	592583.230858
2268336.59232	592586.809657
2268336.59232	592588.301943
2268336.59232	592590.508981
2268336.59232	592594.008599
2268336.59232	592594.20925
2268336.59232	592597.553169
2268336.59232	592599.536115
2268336.59232	592601.256293
2268336.59232	592604.840996
2268336.59232	592605.252874
2268336.59232	592608.546916
2268336.59232	592610.789942
2268336.59232	592612.134185
2268336.59232	592615.842206
2268336.59232	592616.516298
2268336.59232	592619.551707
2268336.59232	592622.247196
2268336.59232	592623.142302
2268336.59232	592626.853929
2268336.59232	592627.797587
2268336.59232	592630.447046
2270511.41168	592630.447046
2272686.23104	592630.447046
2274861.0504	592630.447046
2277035.86976	592630.447046
2279210.68912	592630.447046
2281385.50848	592630.447046
2283560.32784	592630.447046
2285735.1472	592630.447046
2287909.96656	592630.447046
2290084.78592	592630.447046
2292259.60528	592630.447046
2294434.42464	592630.447046
2296609.244	592630.447046
2298784.06336	592630.447046
2300958.88272	592630.447046
2303133.70208	592630.447046
2305308.52144	592630.447046
2307483.3408	592630.447046
2309658.16016	592630.447046
2311832.97952	592630.447046
2314007.79888	592630.447046
2316182.61824	592630.447046
2318357.4376	592630.447046
2320532.25696	592630.447046
2322707.07632	592630.447046
2324881.89568	592630.447046
2327056.71504	592630.447046
2329231.5344	592630.447046
2331406.35376	592630.447046
2333581.17312	592630.447046
2335755.99248	592630.447046
2337930.81184	592630.447046
2340105.6312	592630.447046
2342280.45056	592630.447046
2344455.26992	592630.447046
2346630.08928	592630.447046
2348804.90864	592630.447046
2350979.728	592630.447046
2353154.54736	592630.447046
2355329.36672	592630.447046
2357504.18608	592630.447046
2359679.00544	592630.447046
2361853.8248	592630.447046
2364028.64416	592630.447046
2366203.46352	592630.447046
2368378.28287	592630.447046
2370553.10223	592630.447046
2372727.92159	592630.447046
2374902.74095	592630.447046
2377077.56031	592630.447046
2379252.37967	592630.447046
2381427.19903	592630.447046
2383602.01839	592630.447046
2385776.83775	592630.447046
2387951.65711	592630.447046
2390126.47647	592630.447046
2392301.29583	592630.447046
2394476.11519	592630.447046
2396650.93455	592630.447046
2398825.75391	592630.447046
2401000.57327	592630.447046
2403175.39263	592630.447046
2405350.21199	592630.447046
2407525.03135	592630.447046
2409699.85071	592630.447046
2411874.67007	592630.447046
2414049.48943	592630.447046
2416224.30879	592630.447046
2418399.12815	592630.447046
2420573.94751	592630.447046
2422748.76687	592630.447046
2424923.58623	592630.447046
2427098.40559	592630.447046
2429273.22495	592630.447046
2431448.04431	592630.447046
2433622.86367	592630.447046
2435797.68303	592630.447046
2437972.50239	592630.447046
2440147.32175	592630.447046
2442322.14111	592630.447046
2444496.96047	592630.447046
2446671.77983	592630.447046
2448846.59919	592630.447046
2451021.41855	592630.447046
2453196.23791	592630.447046
2455371.05727	592630.447046
2457545.87663	592630.447046
2459720.69599	592630.447046
2461895.51535	592630.447046
2464070.33471	592630.447046
2466245.15407	592630.447046
2468419.97343	592630.447046
2470594.79279	592630.447046
2472769.61215	592630.447046
2474944.43151	592630.447046
2477119.25087	592630.447046
2479294.07023	592630.447046
2481468.88959	592630.447046
2483643.70895	592630.447046
2485818.52831	592630.447046
2487993.34767	592630.447046
2490168.16703	592630.447046
2492342.98639	592630.447046
2494517.80575	592630.447046
2496692.62511	592630.447046
2498867.44447	592630.447046
2501042.26383	592630.447046
2503217.08319	592630.447046
2505391.90255	592630.447046
2507566.72191	592630.447046
2509741.54127	592630.447046
2511916.36062	592630.447046
2514091.17998	592630.447046
2516265.99934	592630.447046
2518440.8187	592630.447046
2520615.63806	592630.447046
2522790.45742	592630.447046
2524965.27678	592630.447046
2527140.09614	592630.447046
2529314.9155	592630.447046
2531489.73486	592630.447046
2533664.55422	592630.447046
2535839.37358	592630.447046
2538014.19294	592630.447046
2540189.0123	592630.447046
2542363.83166	592630.447046
2544538.65102	592630.447046
2546713.47038	592630.447046
2548888.28974	592630.447046
2551063.1091	592630.447046
2553237.92846	592630.447046
2555412.74782	592630.447046
2557587.56718	592630.447046
2559762.38654	592630.447046
2561937.2059	592630.447046
2564112.02526	592630.447046
2566286.84462	592630.447046
2568461.66398	592630.447046
2570636.48334	592630.447046
2572811.3027	592630.447046
2574986.12206	592630.447046
2577160.94142	592630.447046
2579335.76078	592630.447046
2581510.58014	592630.447046
2583685.3995	592630.447046
2585860.21886	592630.447046
2588035.03822	592630.447046
2590209.85758	592630.447046
2592384.67694	592630.447046
2594559.4963	592630.447046
2596734.31566	592630.447046
2598909.13502	592630.447046
2601083.95438	592630.447046
2603258.77374	592630.447046
2605433.5931	592630.447046
2607608.41246	592630.447046
2609783.23182	592630.447046
2611958.05118	592630.447046
2614132.87054	592630.447046
2616307.6899	592630.447046
2618482.50926	592630.447046
2620657.32862	592630.447046
2622832.14798	592630.447046
2625006.96734	592630.447046
2627181.7867	592630.447046
2629356.60606	592630.447046
2631531.42542	592630.447046
2633706.24478	592630.447046
2635881.06414	592630.447046
2638055.8835	592630.447046
2640230.70286	592630.447046
2642405.52222	592630.447046
2644580.34158	592630.447046
2646755.16094	592630.447046
2648929.9803	592630.447046
2651104.79966	592630.447046
2653279.61902	592630.447046
2655454.43837	592630.447046
2657629.25773	592630.447046
2659804.07709	592630.447046
2661978.89645	592630.447046
2664153.71581	592630.447046
2666328.53517	592630.447046
2668503.35453	592630.447046
2670678.17389	592630.447046
2672852.99325	592630.447046
2675027.81261	592630.447046
2677202.63197	592630.447046
2679377.45133	592630.447046
2681552.27069	592630.447046
2683727.09005	592630.447046
2685901.90941	592630.447046
2688076.72877	592630.447046
2690251.54813	592630.447046
2692426.36749	592630.447046
2694601.18685	592630.447046
2696776.00621	592630.447046
2698950.82557	592630.447046
2701125.64493	592630.447046
2703300.46429	592630.447046
2705475.28365	592630.447046
2707650.10301	592630.447046
2709824.92237	592630.447046
2711999.74173	592630.447046
2714174.56109	592630.447046
2716349.38045	592630.447046
2718524.19981	592630.447046
2720699.01917	592630.447046
2722873.83853	592630.447046
2725048.65789	592630.447046
2727223.47725	592630.447046
2729398.29661	592630.447046
2731573.11597	592630.447046
2733747.93533	592630.447046
2735922.75469	592630.447046
2738097.57405	592630.447046
2740272.39341	592630.447046
2742447.21277	592630.447046
2744622.03213	592630.447046
2746796.85149	592630.447046
2748971.67085	592630.447046
2751146.49021	592630.447046
2753321.30957	592630.447046
2755496.12893	592630.447046
2757670.94829	592630.447046
2759845.76765	592630.447046
2762020.58701	592630.447046
2764195.40637	592630.447046
2766370.22573	592630.447046
2768545.04509	592630.447046
2770719.86445	592630.447046
2772894.68381	592630.447046
2775069.50317	592630.447046
2777244.32253	592630.447046
2779419.14189	592630.447046
2781593.96125	592630.447046
2783768.78061	592630.447046
2785943.59997	592630.447046
2788118.41933	592630.447046
2790293.23869	592630.447046
2792468.05805	592630.447046
2794642.87741	592630.447046
2796817.69677	592630.447046
2798992.51612	592630.447046
2801167.33548	592630.447046
2803342.15484	592630.447046
2805516.9742	592630.447046
2807691.79356	592630.447046
2809866.61292	592630.447046
2812041.43228	592630.447046
2814216.25164	592630.447046
2816391.071	592630.447046
2818565.89036	592630.447046
2820740.70972	592630.447046
2822915.52908	592630.447046
2825090.34844	592630.447046
2827265.1678	592630.447046
2829439.98716	592630.447046
2831614.80652	592630.447046
2833789.62588	592630.447046
2835964.44524	592630.447046
2838139.2646	592630.447046
2840314.08396	592630.447046
2842488.90332	592630.447046
2844663.72268	592630.447046
2846838.54204	592630.447046
2849013.3614	592630.447046
2851188.18076	592630.447046
2853363.00012	592630.447046
2855537.81948	592630.447046
2857712.63884	592630.447046
2859887.4582	592630.447046
2862062.27756	592630.447046
2864237.09692	592630.447046
2866411.91628	592630.447046
2868586.73564	592630.447046
2870761.555	592630.447046
2872936.37436	592630.447046
2875111.19372	592630.447046
2877286.01308	592630.447046
2879460.83244	592630.447046
2881635.6518	592630.447046
2883810.47116	592630.447046
2885985.29052	592630.447046
2888160.10988	592630.447046
2890334.92924	592630.447046
2892509.7486	592630.447046
2894684.56796	592630.447046
2896859.38732	592630.447046
2899034.20668	592630.447046
2901209.02604	592630.447046
2903383.8454	592630.447046
2905558.66476	592630.447046
2907733.48412	592630.447046
2909908.30348	592630.447046
2912083.12284	592630.447046
2914257.9422	592630.447046
2916432.76156	592630.447046
2918607.58092	592630.447046
2920782.40028	592630.447046
2922957.21964	592630.447046
2925132.039	592630.447046
2927306.85836	592630.447046
2929481.67772	592630.447046
2931656.49708	592630.447046
2933831.31644	592630.447046
2936006.1358	592630.447046
2938180.95516	592630.447046
2940355.77452	592630.447046
2942530.59387	592630.447046
2944705.41323	592630.447046
2946880.23259	592630.447046
2949055.05195	592630.447046
2951229.87131	592630.447046
2953404.69067	592630.447046
2955579.51003	592630.447046
2957754.32939	592630.447046
2959929.14875	592630.447046
2962103.96811	592630.447046
2964278.78747	592630.447046
2966453.60683	592630.447046
2968628.42619	592630.447046
2970803.24555	592630.447046
2972978.06491	592630.447046
2975152.88427	592630.447046
2977327.70363	592630.447046
2979502.52299	592630.447046
2981677.34235	592630.447046
2983852.16171	592630.447046
2986026.98107	592630.447046
2988201.80043	592630.447046
2990376.61979	592630.447046
2992551.43915	592630.447046
2994726.25851	592630.447046
2996901.07787	592630.447046
2999075.89723	592630.447046
3001250.71659	592630.447046
3003425.53595	592630.447046
3005600.35531	592630.447046
3007775.17467	592630.447046
3009949.99403	592630.447046
3012124.81339	592630.447046
3014299.63275	592630.447046
3016474.45211	592630.447046
3018649.27147	592630.447046
3020824.09083	592630.447046
3022998.91019	592630.447046
3025173.72955	592630.447046
3027348.54891	592630.447046
3029523.36827	592630.447046
3031698.18763	592630.447046
3033873.00699	592630.447046
3036047.82635	592630.447046
3038222.64571	592630.447046
3040397.46507	592630.447046
3042572.28443	592630.447046
3044747.10379	592630.447046
3046921.92315	592630.447046
3049096.74251	592630.447046
3051271.56187	592630.447046
3053446.38123	592630.447046
3055621.20059	592630.447046
3057796.01995	592630.447046
3059970.83931	592630.447046
3062145.65867	592630.447046
3064320.47803	592630.447046
3066495.29739	592630.447046
3068670.11675	592630.447046
3070844.93611	592630.447046
3073019.75547	592630.447046
3075194.57483	592630.447046
3077369.39419	592630.447046
3079544.21355	592630.447046
3081719.03291	592630.447046
3083893.85226	592630.447046
3086068.67162	592630.447046
3088243.49098	592630.447046
3090418.31034	592630.447046
3092593.1297	592630.447046
3094767.94906	592630.447046
3096942.76842	592630.447046
3099117.58778	592630.447046
3101292.40714	592630.447046
3103467.2265	592630.447046
3105642.04586	592630.447046
3107816.86522	592630.447046
3109991.68458	592630.447046
3112166.50394	592630.447046
3114341.3233	592630.447046
3116516.14266	592630.447046
3118690.96202	592630.447046
3120865.78138	592630.447046
3123040.60074	592630.447046
3125215.4201	592630.447046
3127390.23946	592630.447046
3129565.05882	592630.447046
3131739.87818	592630.447046
3133914.69754	592630.447046
3136089.5169	592630.447046
3138264.33626	592630.447046
3140439.15562	592630.447046
3142613.97498	592630.447046
3144788.79434	592630.447046
3146963.6137	592630.447046
3149138.43306	592630.447046
3151313.25242	592630.447046
3153488.07178	592630.447046
3155662.89114	592630.447046
3157837.7105	592630.447046
3160012.52986	592630.447046
3162187.34922	592630.447046
3164362.16858	592630.447046
3166536.98794	592630.447046
3168711.8073	592630.447046
3170886.62666	592630.447046
3173061.44602	592630.447046
3175236.26538	592630.447046
3177411.08474	592630.447046
3179585.9041	592630.447046
3181760.72346	592630.447046
3183935.54282	592630.447046
3186110.36218	592630.447046
3188285.18154	592630.447046
3190460.0009	592630.447046
3192634.82026	592630.447046
3194809.63962	592630.447046
3196984.45898	592630.447046
3199159.27834	592630.447046
3201334.0977	592630.447046
3203508.91706	592630.447046
3205683.73642	592630.447046
3207858.55578	592630.447046
3210033.37514	592630.447046
3212208.1945	592630.447046
3214383.01386	592630.447046
3216557.83322	592630.447046
3218732.65258	592630.447046
3220907.47194	592630.447046
3223082.2913	592630.447046
3225257.11066	592630.447046
3227431.93001	592630.447046
3229606.74937	592630.447046
3231781.56873	592630.447046
3233956.38809	592630.447046
3236131.20745	592630.447046
3238306.02681	592630.447046
3240480.84617	592630.447046
3242655.66553	592630.447046
3244830.48489	592630.447046
3247005.30425	592630.447046
3249180.12361	592630.447046
3251354.94297	592630.447046
3253529.76233	592630.447046
3255704.58169	592630.447046
3257879.40105	592630.447046
3260054.22041	592630.447046
3262229.03977	592630.447046
3264403.85913	592630.447046
3266578.67849	592630.447046
3268753.49785	592630.447046
3270928.31721	592630.447046
3273103.13657	592630.447046
3275277.95593	592630.447046
3277452.77529	592630.447046
3279627.59465	592630.447046
3281802.41401	592630.447046
3283977.23337	592630.447046
3286152.05273	592630.447046
3288326.87209	592630.447046
3290501.69145	592630.447046
3292676.51081	592630.447046
3294851.33017	592630.447046
3297026.14953	592630.447046
3299200.96889	592630.447046
3301375.78825	592630.447046
3303550.60761	592630.447046
3305725.42697	592630.447046
3307900.24633	592630.447046
3310075.06569	592630.447046
3312249.88505	592630.447046
3314424.70441	592630.447046
3316599.52377	592630.447046
3318774.34313	592630.447046
3320949.16249	592630.447046
3323123.98185	592630.447046
3325298.80121	592630.447046
3327473.62057	592630.447046
3329648.43993	592630.447046
3331823.25929	592630.447046
3333998.07865	592630.447046
3336172.89801	592630.447046
3338347.71737	592630.447046
3340522.53673	592630.447046
3342697.35609	592630.447046
3344872.17545	592630.447046
3347046.99481	592630.447046
3349221.81417	592630.447046
3351396.63353	592630.447046
3353571.45289	592630.447046
3355746.27225	592630.447046
3357921.09161	592630.447046
3360095.91097	592630.447046
3362270.73033	592630.447046
3364445.54969	592630.447046
3366620.36905	592630.447046
3368795.18841	592630.447046
3370970.00776	592630.447046
3373144.82712	592630.447046
3375319.64648	592630.447046
3377494.46584	592630.447046
3379669.2852	592630.447046
3381844.10456	592630.447046
3384018.92392	592630.447046
3386193.74328	592630.447046
3388368.56264	592630.447046
3390543.382	592630.447046
3392718.20136	592630.447046
3394893.02072	592630.447046
3397067.84008	592630.447046
3399242.65944	592630.447046
3401417.4788	592630.447046
3403592.29816	592630.447046
3405767.11752	592630.447046
3407941.93688	592630.447046
3410116.75624	592630.447046
3412291.5756	592630.447046
3414466.39496	592630.447046
3416641.21432	592630.447046
3418816.03368	592630.447046
3420990.85304	592630.447046
3423165.6724	592630.447046
3425340.49176	592630.447046
3427515.31112	592630.447046
3429690.13048	592630.447046
3431864.94984	592630.447046
3434039.7692	592630.447046
3436214.58856	592630.447046
3438389.40792	592630.447046
3440564.22728	592630.447046
3442739.04664	592630.447046
3444913.866	592630.447046
3447088.68536	592630.447046
3449263.50472	592630.447046
3451438.32408	592630.447046
3453613.14344	592630.447046
3455787.9628	592630.447046
3457962.78216	592630.447046
3460137.60152	592630.447046
3462312.42088	592630.447046
3464487.24024	592630.447046
3466662.0596	592630.447046
3468836.87896	592630.447046
3471011.69832	592630.447046
3473186.51768	592630.447046
3475361.33704	592630.447046
3477536.1564	592630.447046
3479710.97576	592630.447046
3481885.79512	592630.447046
3484060.61448	592630.447046
3486235.43384	592630.447046
3488410.2532	592630.447046
3490585.07256	592630.447046
3492759.89192	592630.447046
3494934.71128	592630.447046
3497109.53064	592630.447046
3499284.35	592630.447046
3501459.16936	592630.447046
3503633.98872	592630.447046
3505808.80808	592630.447046
3507983.62744	592630.447046
3510158.4468	592630.447046
3512333.26616	592630.447046
3514508.08551	592630.447046
3516682.90487	592630.447046
3518857.72423	592630.447046
3521032.54359	592630.447046
3523207.36295	592630.447046
3525382.18231	592630.447046
3527557.00167	592630.447046
3529731.82103	592630.447046
3531906.64039	592630.447046
3534081.45975	592630.447046
3536256.27911	592630.447046
3538431.09847	592630.447046
3540605.91783	592630.447046
3542780.73719	592630.447046
3544955.55655	592630.447046
3547130.37591	592630.447046
3549305.19527	592630.447046
3551480.01463	592630.447046
3553654.83399	592630.447046
3555829.65335	592630.447046
3558004.47271	592630.447046
3560179.29207	592630.447046
3562354.11143	592630.447046
3564528.93079	592630.447046
3566703.75015	592630.447046
3568878.56951	592630.447046
3571053.38887	592630.447046
3573228.20823	592630.447046
3575403.02759	592630.447046
3577577.84695	592630.447046
3579752.66631	592630.447046
3581927.48567	592630.447046
3584102.30503	592630.447046
3586277.12439	592630.447046
3588451.94375	592630.447046
3590626.76311	592630.447046
3592801.58247	592630.447046
3594976.40183	592630.447046
3597151.22119	592630.447046
3599326.04055	592630.447046
3601500.85991	592630.447046
3603675.67927	592630.447046
3605850.49863	592630.447046
3608025.31799	592630.447046
3610200.13735	592630.447046
3612374.95671	592630.447046
3614549.77607	592630.447046
3616724.59543	592630.447046
3618899.41479	592630.447046
3621074.23415	592630.447046
3623249.05351	592630.447046
3625423.87287	592630.447046
3627598.69223	592630.447046
3629773.51159	592630.447046
3631948.33095	592630.447046
3634123.15031	592630.447046
3636297.96967	592630.447046
3638472.78903	592630.447046
3640647.60839	592630.447046
3642822.42775	592630.447046
3644997.24711	592630.447046
3647172.06647	592630.447046
3649346.88583	592630.447046
3651521.70519	592630.447046
3653696.52455	592630.447046
3655871.34391	592630.447046
3658046.16326	592630.447046
3660220.98262	592630.447046
3662395.80198	592630.447046
3664570.62134	592630.447046
3666745.4407	592630.447046
3668920.26006	592630.447046
3671095.07942	592630.447046
3673269.89878	592630.447046
3675444.71814	592630.447046
3677619.5375	592630.447046
3679794.35686	592630.447046
3681969.17622	592630.447046
3684143.99558	592630.447046
3686318.81494	592630.447046
3688493.6343	592630.447046
3690668.45366	592630.447046
3692843.27302	592630.447046
3695018.09238	592630.447046
3697192.91174	592630.447046
3699367.7311	592630.447046
3701542.55046	592630.447046
3703717.36982	592630.447046
3705892.18918	592630.447046
3708067.00854	592630.447046
3710241.8279	592630.447046
3712416.64726	592630.447046
3714591.46662	592630.447046
3716766.28598	592630.447046
3718941.10534	592630.447046
3721115.9247	592630.447046
3723290.74406	592630.447046
3725465.56342	592630.447046
3727640.38278	592630.447046
3729815.20214	592630.447046
3731990.0215	592630.447046
3734164.84086	592630.447046
3736339.66022	592630.447046
3738514.47958	592630.447046
3740689.29894	592630.447046
3742864.1183	592630.447046
3745038.93766	592630.447046
3747213.75702	592630.447046
3749388.57638	592630.447046
3751563.39574	592630.447046
3753738.2151	592630.447046
3755913.03446	592630.447046
3758087.85382	592630.447046
3760262.67318	592630.447046
3762437.49254	592630.447046
3764612.3119	592630.447046
3766787.13126	592630.447046
3768961.95062	592630.447046
3771136.76998	592630.447046
3773311.58934	592630.447046
3775486.4087	592630.447046
3777661.22806	592630.447046
3779836.04742	592630.447046
3782010.86678	592630.447046
3784185.68614	592630.447046
3786360.5055	592630.447046
3788535.32486	592630.447046
3790710.14422	592630.447046
3792884.96358	592630.447046
3795059.78294	592630.447046
3797234.6023	592630.447046
3799409.42166	592630.447046
3801584.24101	592630.447046
3803759.06037	592630.447046
3805933.87973	592630.447046
3808108.69909	592630.447046
3810283.51845	592630.447046
3812458.33781	592630.447046
3814633.15717	592630.447046
3816807.97653	592630.447046
3818982.79589	592630.447046
3821157.61525	592630.447046
3823332.43461	592630.447046
3825507.25397	592630.447046
3827682.07333	592630.447046
3829856.89269	592630.447046
3832031.71205	592630.447046
3834206.53141	592630.447046
3836381.35077	592630.447046
3838556.17013	592630.447046
3840730.98949	592630.447046
3842905.80885	592630.447046
3845080.62821	592630.447046
3847255.44757	592630.447046
3849430.26693	592630.447046
3851605.08629	592630.447046
3853779.90565	592630.447046
3855954.72501	592630.447046
3858129.54437	592630.447046
3860304.36373	592630.447046
3862479.18309	592630.447046
3864654.00245	592630.447046
3866828.82181	592630.447046
3869003.64117	592630.447046
3871178.46053	592630.447046
3873353.27989	592630.447046
3875528.09925	592630.447046
3877702.91861	592630.447046
3879877.73797	592630.447046
3882052.55733	592630.447046
3884227.37669	592630.447046
3886402.19605	592630.447046
3888577.01541	592630.447046
3890751.83477	592630.447046
3892926.65413	592630.447046
3895101.47349	592630.447046
3897276.29285	592630.447046
3899451.11221	592630.447046
3901625.93157	592630.447046
3903800.75093	592630.447046
3905975.57029	592630.447046
3908150.38965	592630.447046
3910325.20901	592630.447046
3912500.02837	592630.447046
3914674.84773	592630.447046
3916849.66709	592630.447046
3919024.48645	592630.447046
3921199.30581	592630.447046
3923374.12517	592630.447046
3925548.94453	592630.447046
3927723.76389	592630.447046
3929898.58325	592630.447046
3932073.40261	592630.447046
3934248.22197	592630.447046
3936423.04133	592630.447046
3938597.86069	592630.447046
3940772.68005	592630.447046
3942947.49941	592630.447046
3945122.31876	592630.447046
3947297.13812	592630.447046
3949471.95748	592630.447046
3951646.77684	592630.447046
3953821.5962	592630.447046
3955996.41556	592630.447046
3958171.23492	592630.447046
3960346.05428	592630.447046
3962520.87364	592630.447046
3964695.693	592630.447046
3966870.51236	592630.447046
3969045.33172	592630.447046
3971220.15108	592630.447046
3973394.97044	592630.447046
3975569.7898	592630.447046
3977744.60916	592630.447046
3979919.42852	592630.447046
3982094.24788	592630.447046
3984269.06724	592630.447046
3986443.8866	592630.447046
3988618.70596	592630.447046
3990793.52532	592630.447046
3992968.34468	592630.447046
3995143.16404	592630.447046
3997317.9834	592630.447046
3999492.80276	592630.447046
4001667.62212	592630.447046
4003842.44148	592630.447046
4006017.26084	592630.447046
4008192.0802	592630.447046
4010366.89956	592630.447046
4012541.71892	592630.447046
4014716.53828	592630.447046
4016891.35764	592630.447046
4019066.177	592630.447046
4021240.99636	592630.447046
4023415.81572	592630.447046
4025590.63508	592630.447046
4027765.45444	592630.447046
4029940.2738	592630.447046
4032115.09316	592630.447046
4034289.91252	592630.447046
4036464.73188	592630.447046
4038639.55124	592630.447046
4040814.3706	592630.447046
4042989.18996	592630.447046
4045164.00932	592630.447046
4047338.82868	592630.447046
4049513.64804	592630.447046
4051688.4674	592630.447046
4053863.28676	592630.447046
4056038.10612	592630.447046
4058212.92548	592630.447046
4060387.74484	592630.447046
4062562.5642	592630.447046
4064737.38356	592630.447046
4066912.20292	592630.447046
4069087.02228	592630.447046
4071261.84164	592630.447046
4073436.661	592630.447046
4075611.48036	592630.447046
4077786.29972	592630.447046
4079961.11908	592630.447046
4082135.93844	592630.447046
4084310.7578	592630.447046
4086485.57716	592630.447046
4088660.39651	592630.447046
4090835.21587	592630.447046
4093010.03523	592630.447046
4095184.85459	592630.447046
4097359.67395	592630.447046
4099534.49331	592630.447046
4101709.31267	592630.447046
4103884.13203	592630.447046
4106058.95139	592630.447046
4108233.77075	592630.447046
4110408.59011	592630.447046
4112583.40947	592630.447046
4114758.22883	592630.447046
4116933.04819	592630.447046
4119107.86755	592630.447046
4121282.68691	592630.447046
4123457.50627	592630.447046
4125632.32563	592630.447046
4127807.14499	592630.447046
4129981.96435	592630.447046
4132156.78371	592630.447046
4134331.60307	592630.447046
4136506.42243	592630.447046
4138681.24179	592630.447046
4140856.06115	592630.447046
4143030.88051	592630.447046
4145205.69987	592630.447046
4147380.51923	592630.447046
4149555.33859	592630.447046
4151730.15795	592630.447046
4153904.97731	592630.447046
4156079.79667	592630.447046
4158254.61603	592630.447046
4160429.43539	592630.447046
4162604.25475	592630.447046
4164779.07411	592630.447046
4166953.89347	592630.447046
4169128.71283	592630.447046
4171303.53219	592630.447046
4173478.35155	592630.447046
4175653.17091	592630.447046
4177827.99027	592630.447046
4180002.80963	592630.447046
4182177.62899	592630.447046
4184352.44835	592630.447046
4186527.26771	592630.447046
4188702.08707	592630.447046
4190876.90643	592630.447046
4193051.72579	592630.447046
4195226.54515	592630.447046
4197401.36451	592630.447046
4199576.18387	592630.447046
4201751.00323	592630.447046
4203925.82259	592630.447046
4206100.64195	592630.447046
4208275.46131	592630.447046
4210450.28067	592630.447046
4212625.10003	592630.447046
4214799.91939	592630.447046
4216974.73875	592630.447046
4219149.55811	592630.447046
4221324.37747	592630.447046
4223499.19683	592630.447046
4225674.01619	592630.447046
4227848.83555	592630.447046
4230023.65491	592630.447046
4232198.47426	592630.447046
4234373.29362	592630.447046
4236548.11298	592630.447046
4238722.93234	592630.447046
4240897.7517	592630.447046
4243072.57106	592630.447046
4245247.39042	592630.447046
4247422.20978	592630.447046
4249597.02914	592630.447046
4251771.8485	592630.447046
4253946.66786	592630.447046
4256121.48722	592630.447046
4258296.30658	592630.447046
4260471.12594	592630.447046
4262645.9453	592630.447046
4264820.76466	592630.447046
4266995.58402	592630.447046
4269170.40338	592630.447046
4271345.22274	592630.447046
4273520.0421	592630.447046
4275694.86146	592630.447046
4277869.68082	592630.447046
4280044.50018	592630.447046
4282219.31954	592630.447046
4284394.1389	592630.447046
4286568.95826	592630.447046
4288743.77762	592630.447046
4290918.59698	592630.447046
4293093.41634	592630.447046
4295268.2357	592630.447046
4297443.05506	592630.447046
4299617.87442	592630.447046
4301792.69378	592630.447046
4303967.51314	592630.447046
4306142.3325	592630.447046
4308317.15186	592630.447046
4310491.97122	592630.447046
4312666.79058	592630.447046
4314841.60994	592630.447046
4317016.4293	592630.447046
4319191.24866	592630.447046
4321366.06802	592630.447046
4323540.88738	592630.447046
4325715.70674	592630.447046
4327890.5261	592630.447046
4330065.34546	592630.447046
4332240.16482	592630.447046
4334414.98418	592630.447046
4336589.80354	592630.447046
4338764.6229	592630.447046
4340939.44226	592630.447046
4343114.26162	592630.447046
4345289.08098	592630.447046
4347463.90034	592630.447046
4349638.7197	592630.447046
4351813.53906	592630.447046
4353988.35842	592630.447046
4356163.17778	592630.447046
4358337.99714	592630.447046
4360512.8165	592630.447046
4362687.63586	592630.447046
4364862.45522	592630.447046
4367037.27458	592630.447046
4369212.09394	592630.447046
4371386.9133	592630.447046
4373561.73266	592630.447046
4375736.55201	592630.447046
4377911.37137	592630.447046
4380086.19073	592630.447046
4382261.01009	592630.447046
4384435.82945	592630.447046
4386610.64881	592630.447046
4388785.46817	592630.447046
4390960.28753	592630.447046
4393135.10689	592630.447046
4395309.92625	592630.447046
4397484.74561	592630.447046
4399659.56497	592630.447046
4401834.38433	592630.447046
4404009.20369	592630.447046
4406184.02305	592630.447046
4408358.84241	592630.447046
4410533.66177	592630.447046
4412708.48113	592630.447046
4414883.30049	592630.447046
4417058.11985	592630.447046
4419232.93921	592630.447046
4421407.75857	592630.447046
4423582.57793	592630.447046
4425757.39729	592630.447046
4427932.21665	592630.447046
4430107.03601	592630.447046
4432281.85537	592630.447046
4434456.67473	592630.447046
4436631.49409	592630.447046
4438806.31345	592630.447046
4440981.13281	592630.447046
4443155.95217	592630.447046
4445330.77153	592630.447046
4447505.59089	592630.447046
4449680.41025	592630.447046
4451855.22961	592630.447046
4454030.04897	592630.447046
4456204.86833	592630.447046
4458379.68769	592630.447046
4460554.50705	592630.447046
4462729.32641	592630.447046
4464904.14577	592630.447046
4467078.96513	592630.447046
4469253.78449	592630.447046
4471428.60385	592630.447046
4473603.42321	592630.447046
4475778.24257	592630.447046
4477953.06193	592630.447046
4480127.88129	592630.447046
4482302.70065	592630.447046
4484477.52001	592630.447046
4486652.33937	592630.447046
4488827.15873	592630.447046
4491001.97809	592630.447046
4493176.79745	592630.447046
4495351.61681	592630.447046
4497526.43617	592630.447046
4499701.25553	592630.447046
4501876.07489	592630.447046
4504050.89425	592630.447046
4506225.71361	592630.447046
4508400.53297	592630.447046
4510575.35233	592630.447046
4512750.17169	592630.447046
4514924.99105	592630.447046
4517099.81041	592630.447046
4519274.62976	592630.447046
4521449.44912	592630.447046
4523624.26848	592630.447046
4525799.08784	592630.447046
4527973.9072	592630.447046
4530148.72656	592630.447046
4532323.54592	592630.447046
4534498.36528	592630.447046
4536673.18464	592630.447046
4538848.004	592630.447046
4541022.82336	592630.447046
4543197.64272	592630.447046
4545372.46208	592630.447046
4547547.28144	592630.447046
4549722.1008	592630.447046
4551896.92016	592630.447046
4554071.73952	592630.447046
4556246.55888	592630.447046
4558421.37824	592630.447046
4560596.1976	592630.447046
4562771.01696	592630.447046
4564945.83632	592630.447046
4567120.65568	592630.447046
4569295.47504	592630.447046
4571470.2944	592630.447046
4573645.11376	592630.447046
4575819.93312	592630.447046
4577994.75248	592630.447046
4580169.57184	592630.447046
4582344.3912	592630.447046
4584519.21056	592630.447046
4586694.02992	592630.447046
4588868.84928	592630.447046
4591043.66864	592630.447046
4593218.488	592630.447046
4595393.30736	592630.447046
4597568.12672	592630.447046
4599742.94608	592630.447046
4601917.76544	592630.447046
4604092.5848	592630.447046
4606267.40416	592630.447046
4608442.22352	592630.447046
4610617.04288	592630.447046
4612791.86224	592630.447046
4614966.6816	592630.447046
4617141.50096	592630.447046
4619316.32032	592630.447046
4621491.13968	592630.447046
4623665.95904	592630.447046
4625840.7784	592630.447046
4628015.59776	592630.447046
4630190.41712	592630.447046
4632365.23648	592630.447046
4634540.05584	592630.447046
4636714.8752	592630.447046
4638889.69456	592630.447046
4641064.51392	592630.447046
4643239.33328	592630.447046
4645414.15264	592630.447046
4647588.972	592630.447046
4649763.79136	592630.447046
4651938.61072	592630.447046
4654113.43008	592630.447046
4656288.24944	592630.447046
4658463.0688	592630.447046
4660637.88815	592630.447046
4662812.70751	592630.447046
4664987.52687	592630.447046
4667162.34623	592630.447046
4669337.16559	592630.447046
4671511.98495	592630.447046
4673686.80431	592630.447046
4675861.62367	592630.447046
4678036.44303	592630.447046
4680211.26239	592630.447046
4682386.08175	592630.447046
4684560.90111	592630.447046
4686735.72047	592630.447046
4688910.53983	592630.447046
4691085.35919	592630.447046
4693260.17855	592630.447046
4695434.99791	592630.447046
4697609.81727	592630.447046
4699784.63663	592630.447046
4701959.45599	592630.447046
4704134.27535	592630.447046
4706309.09471	592630.447046
4708483.91407	592630.447046
4710658.73343	592630.447046
4712833.55279	592630.447046
4715008.37215	592630.447046
4717183.19151	592630.447046
4719358.01087	592630.447046
4721532.83023	592630.447046
4723707.64959	592630.447046
4725882.46895	592630.447046
4728057.28831	592630.447046
4730232.10767	592630.447046
4732406.92703	592630.447046
4734581.74639	592630.447046
4736756.56575	592630.447046
4738931.38511	592630.447046
4741106.20447	592630.447046
4743281.02383	592630.447046
4745455.84319	592630.447046
4747630.66255	592630.447046
4749805.48191	592630.447046
4751980.30127	592630.447046
4754155.12063	592630.447046
4756329.93999	592630.447046
4758504.75935	592630.447046
4760679.57871	592630.447046
4762854.39807	592630.447046
4765029.21743	592630.447046
4767204.03679	592630.447046
4769378.85615	592630.447046
4771553.67551	592630.447046
4773728.49487	592630.447046
4775903.31423	592630.447046
4778078.13359	592630.447046
4780252.95295	592630.447046
4782427.77231	592630.447046
4784602.59167	592630.447046
4786777.41103	592630.447046
4788952.23039	592630.447046
4791127.04975	592630.447046
4793301.86911	592630.447046
4795476.68847	592630.447046
4797651.50783	592630.447046
4799826.32719	592630.447046
4802001.14655	592630.447046
4804175.9659	592630.447046
4806350.78526	592630.447046
4808525.60462	592630.447046
4810700.42398	592630.447046
4812875.24334	592630.447046
4815050.0627	592630.447046
4817224.88206	592630.447046
4819399.70142	592630.447046
4821574.52078	592630.447046
4823749.34014	592630.447046
4825924.1595	592630.447046
4828098.97886	592630.447046
4830273.79822	592630.447046
4832448.61758	592630.447046
4834623.43694	592630.447046
4836798.2563	592630.447046
4838973.07566	592630.447046
4841147.89502	592630.447046
4843322.71438	592630.447046
4845497.53374	592630.447046
4847672.3531	592630.447046
4849847.17246	592630.447046
4852021.99182	592630.447046
4854196.81118	592630.447046
4856371.63054	592630.447046
4858546.4499	592630.447046
4860721.26926	592630.447046
4862896.08862	592630.447046
4865070.90798	592630.447046
4867245.72734	592630.447046
4869420.5467	592630.447046
4871595.36606	592630.447046
4873770.18542	592630.447046
4875945.00478	592630.447046
4878119.82414	592630.447046
4880294.6435	592630.447046
4882469.46286	592630.447046
4884644.28222	592630.447046
4886819.10158	592630.447046
4888993.92094	592630.447046
4891168.7403	592630.447046
4893343.55966	592630.447046
4895518.37902	592630.447046
4897693.19838	592630.447046
4899868.01774	592630.447046
4902042.8371	592630.447046
4904217.65646	592630.447046
4906392.47582	592630.447046
4908567.29518	592630.447046
4910742.11454	592630.447046
4912916.9339	592630.447046
4915091.75326	592630.447046
4917266.57262	592630.447046
4919441.39198	592630.447046
4921616.21134	592630.447046
4923791.0307	592630.447046
4925965.85006	592630.447046
4928140.66942	592630.447046
4930315.48878	592630.447046
4932490.30814	592630.447046
4934665.1275	592630.447046
4936839.94686	592630.447046
4939014.76622	592630.447046
4941189.58558	592630.447046
4943364.40494	592630.447046
4945539.2243	592630.447046
4947714.04365	592630.447046
4949888.86301	592630.447046
4952063.68237	592630.447046
4954238.50173	592630.447046
4956413.32109	592630.447046
4958588.14045	592630.447046
4960762.95981	592630.447046
4962937.77917	592630.447046
4965112.59853	592630.447046
4967287.41789	592630.447046
4969462.23725	592630.447046
4971637.05661	592630.447046
4973811.87597	592630.447046
4975986.69533	592630.447046
4978161.51469	592630.447046
4980336.33405	592630.447046
4982511.15341	592630.447046
4984685.97277	592630.447046
4986860.79213	592630.447046
4989035.61149	592630.447046
4991210.43085	592630.447046
4993385.25021	592630.447046
4995560.06957	592630.447046
4997734.88893	592630.447046
4999909.70829	592630.447046
5002084.52765	592630.447046
5004259.34701	592630.447046
5006434.16637	592630.447046
5008608.98573	592630.447046
5010783.80509	592630.447046
5012958.62445	592630.447046
5015133.44381	592630.447046
5017308.26317	592630.447046
5019483.08253	592630.447046
5021657.90189	592630.447046
5023832.72125	592630.447046
5026007.54061	592630.447046
5028182.35997	592630.447046
5030357.17933	592630.447046
5032531.99869	592630.447046
5034706.81805	592630.447046
5036881.63741	592630.447046
5039056.45677	592630.447046
5041231.27613	592630.447046
5043406.09549	592630.447046
5045580.91485	592630.447046
5047755.73421	592630.447046
5049930.55357	592630.447046
5052105.37293	592630.447046
5054280.19229	592630.447046
5056455.01165	592630.447046
5058629.83101	592630.447046
5060804.65037	592630.447046
5062979.46973	592630.447046
5065154.28909	592630.447046
5067329.10845	592630.447046
5069503.92781	592630.447046
5071678.74717	592630.447046
5073853.56653	592630.447046
5076028.38589	592630.447046
5078203.20525	592630.447046
5080378.02461	592630.447046
5082552.84397	592630.447046
5084727.66333	592630.447046
5086902.48269	592630.447046
5089077.30205	592630.447046
5091252.1214	592630.447046
5093426.94076	592630.447046
5095601.76012	592630.447046
5097776.57948	592630.447046
5099951.39884	592630.447046
5102126.2182	592630.447046
5104301.03756	592630.447046
5106475.85692	592630.447046
5108650.67628	592630.447046
5110825.49564	592630.447046
5113000.315	592630.447046
5115175.13436	592630.447046
5117349.95372	592630.447046
5119524.77308	592630.447046
5121699.59244	592630.447046
5123874.4118	592630.447046
5126049.23116	592630.447046
5128224.05052	592630.447046
5130398.86988	592630.447046
5132573.68924	592630.447046
5134748.5086	592630.447046
5136923.32796	592630.447046
5139098.14732	592630.447046
5141272.96668	592630.447046
5143447.78604	592630.447046
5145622.6054	592630.447046
5147797.42476	592630.447046
5149972.24412	592630.447046
5152147.06348	592630.447046
5154321.88284	592630.447046
5156496.7022	592630.447046
5158671.52156	592630.447046
5160846.34092	592630.447046
5163021.16028	592630.447046
5165195.97964	592630.447046
5167370.799	592630.447046
5169545.61836	592630.447046
5171720.43772	592630.447046
5173895.25708	592630.447046
5176070.07644	592630.447046
5178244.8958	592630.447046
5180419.71516	592630.447046
5182594.53452	592630.447046
5184769.35388	592630.447046
5186944.17324	592630.447046
5189118.9926	592630.447046
5191293.81196	592630.447046
5193468.63132	592630.447046
5195643.45068	592630.447046
5197818.27004	592630.447046
5199993.0894	592630.447046
5202167.90876	592630.447046
5204342.72812	592630.447046
5206517.54748	592630.447046
5208692.36684	592630.447046
5210867.1862	592630.447046
5213042.00556	592630.447046
5215216.82492	592630.447046
5217391.64428	592630.447046
5219566.46364	592630.447046
5221741.283	592630.447046
5223916.10236	592630.447046
5226090.92172	592630.447046
5228265.74108	592630.447046
5230440.56044	592630.447046
5232615.3798	592630.447046
5234790.19915	592630.447046
5236965.01851	592630.447046
5239139.83787	592630.447046
5241314.65723	592630.447046
5243489.47659	592630.447046
5245664.29595	592630.447046
5247839.11531	592630.447046
5250013.93467	592630.447046
5252188.75403	592630.447046
5254363.57339	592630.447046
5256538.39275	592630.447046
5258713.21211	592630.447046
5260888.03147	592630.447046
5263062.85083	592630.447046
5265237.67019	592630.447046
5267412.48955	592630.447046
5269587.30891	592630.447046
5271762.12827	592630.447046
5273936.94763	592630.447046
5276111.76699	592630.447046
5278286.58635	592630.447046
5280461.40571	592630.447046
5282636.22507	592630.447046
5284811.04443	592630.447046
5286985.86379	592630.447046
5289160.68315	592630.447046
5291335.50251	592630.447046
5293510.32187	592630.447046
5295685.14123	592630.447046
5297859.96059	592630.447046
5300034.77995	592630.447046
5302209.59931	592630.447046
5304384.41867	592630.447046
5306559.23803	592630.447046
5308734.05739	592630.447046
5310908.87675	592630.447046
5313083.69611	592630.447046
5315258.51547	592630.447046
5317433.33483	592630.447046
5319608.15419	592630.447046
5321782.97355	592630.447046
5323957.79291	592630.447046
5326132.61227	592630.447046
5328307.43163	592630.447046
5330482.25099	592630.447046
5332657.07035	592630.447046
5334831.88971	592630.447046
5337006.70907	592630.447046
5339181.52843	592630.447046
5341356.34779	592630.447046
5343531.16715	592630.447046
5345705.98651	592630.447046
5347880.80587	592630.447046
5350055.62523	592630.447046
5352230.44459	592630.447046
5354405.26395	592630.447046
5356580.08331	592630.447046
5358754.90267	592630.447046
5360929.72203	592630.447046
5363104.54139	592630.447046
5365279.36075	592630.447046
5367454.18011	592630.447046
5369628.99947	592630.447046
5371803.81883	592630.447046
5373978.63819	592630.447046
5376153.45755	592630.447046
5378328.2769	592630.447046
5380503.09626	592630.447046
5382677.91562	592630.447046
5384852.73498	592630.447046
5387027.55434	592630.447046
5389202.3737	592630.447046
5391377.19306	592630.447046
5393552.01242	592630.447046
5395726.83178	592630.447046
5397901.65114	592630.447046
5400076.4705	592630.447046
5402251.28986	592630.447046
5404426.10922	592630.447046
5406600.92858	592630.447046
5408775.74794	592630.447046
5410950.5673	592630.447046
5413125.38666	592630.447046
5415300.20602	592630.447046
5417475.02538	592630.447046
5419649.84474	592630.447046
5421824.6641	592630.447046
5423999.48346	592630.447046
5426174.30282	592630.447046
5428349.12218	592630.447046
5430523.94154	592630.447046
5432698.7609	592630.447046
5434873.58026	592630.447046
5437048.39962	592630.447046
5439223.21898	592630.447046
5441398.03834	592630.447046
5443572.8577	592630.447046
5445747.67706	592630.447046
5447922.49642	592630.447046
5450097.31578	592630.447046
5452272.13514	592630.447046
5454446.9545	592630.447046
5456621.77386	592630.447046
5458796.59322	592630.447046
5460971.41258	592630.447046
5463146.23194	592630.447046
5465321.0513	592630.447046
5467495.87066	592630.447046
5469670.69002	592630.447046
5471845.50938	592630.447046
5474020.32874	592630.447046
5476195.1481	592630.447046
5478369.96746	592630.447046
5480544.78682	592630.447046
5482719.60618	592630.447046
5484894.42554	592630.447046
5487069.2449	592630.447046
5489244.06426	592630.447046
5491418.88362	592630.447046
5493593.70298	592630.447046
5495768.52234	592630.447046
5497943.3417	592630.447046
5500118.16106	592630.447046
5502292.98042	592630.447046
5504467.79978	592630.447046
5506642.61914	592630.447046
5508817.4385	592630.447046
5510992.25786	592630.447046
5513167.07722	592630.447046
5515341.89658	592630.447046
5517516.71594	592630.447046
5519691.5353	592630.447046
5521866.35465	592630.447046
5524041.17401	592630.447046
5526215.99337	592630.447046
5528390.81273	592630.447046
5530565.63209	592630.447046
5532740.45145	592630.447046
5534915.27081	592630.447046
5537090.09017	592630.447046
5539264.90953	592630.447046
5541439.72889	592630.447046
5543614.54825	592630.447046
5545789.36761	592630.447046
5547964.18697	592630.447046
5550139.00633	592630.447046
5552313.82569	592630.447046
5554488.64505	592630.447046
5556663.46441	592630.447046
5558838.28377	592630.447046
5561013.10313	592630.447046
5563187.92249	592630.447046
5565362.74185	592630.447046
5567537.56121	592630.447046
5569712.38057	592630.447046
5571887.19993	592630.447046
5574062.01929	592630.447046
5576236.83865	592630.447046
5578411.65801	592630.447046
5580586.47737	592630.447046
5582761.29673	592630.447046
5584936.11609	592630.447046
5587110.93545	592630.447046
5589285.75481	592630.447046
5591460.57417	592630.447046
5593635.39353	592630.447046
5595810.21289	592630.447046
5597985.03225	592630.447046
5600159.85161	592630.447046
5602334.67097	592630.447046
5604509.49033	592630.447046
5606684.30969	592630.447046
5608859.12905	592630.447046
5611033.94841	592630.447046
5613208.76777	592630.447046
5615383.58713	592630.447046
5617558.40649	592630.447046
5619733.22585	592630.447046
5621908.04521	592630.447046
5624082.86457	592630.447046
5626257.68393	592630.447046
5628432.50329	592630.447046
5630607.32265	592630.447046
5632782.14201	592630.447046
5634956.96137	592630.447046
5637131.78073	592630.447046
5639306.60009	592630.447046
5641481.41945	592630.447046
5643656.23881	592630.447046
5645831.05817	592630.447046
5648005.87753	592630.447046
5650180.69689	592630.447046
5652355.51625	592630.447046
5654530.33561	592630.447046
5656705.15497	592630.447046
5658879.97433	592630.447046
5661054.79369	592630.447046
5663229.61305	592630.447046
5665404.4324	592630.447046
5667579.25176	592630.447046
5669754.07112	592630.447046
5671928.89048	592630.447046
5674103.70984	592630.447046
5676278.5292	592630.447046
5678453.34856	592630.447046
5680628.16792	592630.447046
5682802.98728	592630.447046
5684977.80664	592630.447046
5687152.626	592630.447046
5689327.44536	592630.447046
5691502.26472	592630.447046
5693677.08408	592630.447046
5695851.90344	592630.447046
5698026.7228	592630.447046
5700201.54216	592630.447046
5702376.36152	592630.447046
5704551.18088	592630.447046
5706726.00024	592630.447046
5708900.8196	592630.447046
5711075.63896	592630.447046
5713250.45832	592630.447046
5715425.27768	592630.447046
5717600.09704	592630.447046
5719774.9164	592630.447046
5721949.73576	592630.447046
5724124.55512	592630.447046
5726299.37448	592630.447046
5728474.19384	592630.447046
5730649.0132	592630.447046
5732823.83256	592630.447046
5734998.65192	592630.447046
5737173.47128	592630.447046
5739348.29064	592630.447046
5741523.11	592630.447046
5743697.92936	592630.447046
5745872.74872	592630.447046
5748047.56808	592630.447046
5750222.38744	592630.447046
5752397.2068	592630.447046
5754572.02616	592630.447046
5756746.84552	592630.447046
5758921.66488	592630.447046
5761096.48424	592630.447046
5763271.3036	592630.447046
5765446.12296	592630.447046
5767620.94232	592630.447046
5769795.76168	592630.447046
5771970.58104	592630.447046
5774145.4004	592630.447046
5776320.21976	592630.447046
5778495.03912	592630.447046
5780669.85848	592630.447046
5782844.67784	592630.447046
5785019.4972	592630.447046
5787194.31656	592630.447046
5789369.13592	592630.447046
5791543.95528	592630.447046
5793718.77464	592630.447046
5795893.594	592630.447046
5798068.41336	592630.447046
5800243.23272	592630.447046
5802418.05208	592630.447046
5804592.87144	592630.447046
5806767.6908	592630.447046
5808942.51015	592630.447046
5811117.32951	592630.447046
5813292.14887	592630.447046
5815466.96823	592630.447046
5817641.78759	592630.447046
5819816.60695	592630.447046
5821991.42631	592630.447046
5824166.24567	592630.447046
5826341.06503	592630.447046
5828515.88439	592630.447046
5830690.70375	592630.447046
5832865.52311	592630.447046
5835040.34247	592630.447046
5837215.16183	592630.447046
5839389.98119	592630.447046
5841564.80055	592630.447046
5843739.61991	592630.447046
5845914.43927	592630.447046
5848089.25863	592630.447046
5850264.07799	592630.447046
5852438.89735	592630.447046
5854613.71671	592630.447046
5856788.53607	592630.447046
5858963.35543	592630.447046
5861138.17479	592630.447046
5863312.99415	592630.447046
5865487.81351	592630.447046
5867662.63287	592630.447046
5869837.45223	592630.447046
5872012.27159	592630.447046
5874187.09095	592630.447046
5876361.91031	592630.447046
5878536.72967	592630.447046
5880711.54903	592630.447046
5882886.36839	592630.447046
5885061.18775	592630.447046
5887236.00711	592630.447046
5889410.82647	592630.447046
5891585.64583	592630.447046
5893760.46519	592630.447046
5895935.28455	592630.447046
5898110.10391	592630.447046
5900284.92327	592630.447046
5902459.74263	592630.447046
5904634.56199	592630.447046
5906809.38135	592630.447046
5908984.20071	592630.447046
5911159.02007	592630.447046
5913333.83943	592630.447046
5915508.65879	592630.447046
5917683.47815	592630.447046
5919858.29751	592630.447046
5922033.11687	592630.447046
5924207.93623	592630.447046
5926382.75559	592630.447046
5928557.57495	592630.447046
5930732.39431	592630.447046
5932907.21367	592630.447046
5935082.03303	592630.447046
5937256.85239	592630.447046
5939431.67175	592630.447046
5941606.49111	592630.447046
5943781.31047	592630.447046
5945956.12983	592630.447046
5948130.94919	592630.447046
5950305.76855	592630.447046
5952480.5879	592630.447046
5954655.40726	592630.447046
5956830.22662	592630.447046
5959005.04598	592630.447046
5961179.86534	592630.447046
5963354.6847	592630.447046
5965529.50406	592630.447046
5967704.32342	592630.447046
5969879.14278	592630.447046
5972053.96214	592630.447046
5974228.7815	592630.447046
5976403.60086	592630.447046
5978578.42022	592630.447046
5980753.23958	592630.447046
5982928.05894	592630.447046
5985102.8783	592630.447046
5987277.69766	592630.447046
5989452.51702	592630.447046
5991627.33638	592630.447046
5993802.15574	592630.447046
5995976.9751	592630.447046
5998151.79446	592630.447046
6000326.61382	592630.447046
6000000.0	592630.447046
